0
0
0
0
0
0
0
0
0
0
0
0
0
0
0
0
0
0
0
0
0
0
0
0
0
0
0
0
0
0
0
0
0
0
0
0
0
0
0
0
0
0
0
0
0
0
0
0
0
0
0
0
0
0
0
0
0
0
0
0
0
0
0
0
0
0
0
0
0
0
0
0
14095.766
14211.2755
14295.1615
14342.653
14347.5405
14360.143
14362.3215
14369.108
14372.8585
14390.2285
14392.2245
14471.1585
14477.6135
14492.868
14538.2415
14575.365
14577.44
14635.5835
14644.789
14655.724
14720.7575
14722.0335
14722.419
14732.864
14734.107
14763.96
14765.3985
14798.157
14804.9005
14815.284
14815.9765
14821.724
14832.7905
14848.09
14849.817
14853.1005
14853.518
14887.785
14898.122
14904.0005
14919.4085
14928.595
14930.333
14931.0675
14934.6235
14947.7915
14958.6095
14964.1625
14972.966
14982.2115
14982.494
14998.4175
14999.424
15010.111
15013.067
15014.9355
15016.0765
15017.886
15026.9735
15033.4925
15036.1585
15039.0425
15042.3015
15051.288
15064.0035
15064.297
15072.868
15084.977
15086.454
15093.605
15094.907
15095.3415
15108.3605
15108.599
15117.2345
15126.16
15131.3715
15161.987
15165.1875
15168.607
15171.8545
15185.5415
15188.1
15196.4395
15196.9495
15222.444
15230.5155
15243.8835
15247.628
15250.611
15252.693
15260.5045
15260.635
15261.274
15264.536
15266.432
15270.9885
15277.235
15277.7545
15282.222
15283.6715
15284.464
15285.415
15294.547
15296.7925
15299.803
15308.326
15308.963
15309.675
15309.724
15312.4
15315.899
15321.5835
15327.4405
15329.3515
15332.3115
15339.0285
15344.1295
15354.7945
15355.4585
15356.0505
15366.593
15370.276
15375.3115
15380.273
15384.474
15389.9275
15390.193
15391.2695
15399.67
15408.522
15412.62
15427.2265
15436.0215
15437.849
15440.241
15447.186
15447.826
15453.4575
15464.8425
15471.6175
15476.6415
15492.0705
15497.477
15500.651
15502.719
15514.7505
15523.3955
15525.9535
15531.341
15533.5425
15543.183
15554.5825
15558.1015
15558.5065
15561.9645
15565.2665
15566.0925
15566.9615
15569.278
15573.76
15573.8945
15575.0505
15584.714
15598.4325
15599.5
15601.8615
15603.2505
15603.6155
15604.698
15605.4585
15607.828
15609.441
15611.8725
15612.1015
15612.5285
15613.0015
15618.6605
15626.2765
15629.0865
15633.203
15635.186
15636.0055
15640.572
15640.602
15646.1405
15658.5725
15667.1895
15670.0375
15670.694
15671.2875
15672.9285
15676.6875
15683.209
15684.452
15698.629
15702.4765
15703.904
15703.964
15709.4485
15711.772
15714.705
15722.8025
15723.5745
15725.186
15734.567
15736.5085
15737.896
15739.6305
15740.5455
15745.047
15747.028
15759.1895
15762.5905
15770.3315
15771.5425
15771.6925
15772.832
15774.513
15776.36
15780.372
15785.2395
15794.089
15798.0465
15798.7025
15800.247
15802.3415
15803.4785
15807.9495
15808.284
15814.442
15816.175
15816.771
15819.516
15821.469
15822.87
15824.3665
15827.3085
15833.949
15837.272
15857.554
15861.763
15861.79
15867.244
15869.342
15875.399
15876.779
15880.597
15884.1685
15892.9235
15894.3235
15902.019
15906.583
15909.42
15911.303
15912.626
15912.67
15923.6915
15925.705
15927.133
15944.3505
15949.902
15951.325
15959.35
15964.1795
15972.0145
15974.2685
15977.7585
15979.1355
15981.354
15986.106
15989.439
15992.1785
15993.9275
15998.726
16006.0325
16006.3035
16006.3775
16008.0795
16010.542
16010.777
16011.0155
16025.604
16027.1045
16039.451
16042.356
16045.586
16048.984
16057.049
16057.33
16057.3685
16058.347
16059.815
16061.244
16061.3325
16063.885
16065.8225
16067.1
16068.281
16075.4575
16082.112
16092.107
16094.178
16100.2005
16115.597
16116.7895
16123.1545
16124.013
16124.162
16135.945
16136.5735
16137.4945
16138.681
16139.8255
16146.0475
16151.5415
16155.5725
16158.931
16163.227
16164.076
16164.4495
16168.5285
16172.322
16172.5305
16174.658
16175.022
16175.5095
16177.504
16177.567
16177.7255
16180.421
16181.758
16187.915
16193.6055
16200.335
16203.964
16204.469
16211.769
16212.304
16212.9895
16218.5325
16219.1225
16223.608
16225.988
16227.981
16228.9985
16229.1905
16231.255
16234.2375
16238.2835
16242.9375
16245.4195
16248.4675
16249.972
16252.0195
16257.5365
16268.205
16271.287
16274.135
16276.644
16288.9555
16289.23
16289.66
16295.474
16298.362
16301.1745
16302.4965
16302.5165
16302.964
16303.8745
16303.9645
16304.68
16307.3985
16311.306
16315.743
16318.831
16323.0595
16326.5415
16328.138
16331.43
16334.3275
16336.374
16345.2175
16348.329
16353.638
16354.6045
16357.0055
16363.8075
16363.921
16364.414
16364.449
16367.4795
16367.84
16369.273
16381.029
16383.363
16384.451
16388.6695
16394.2295
16397.5585
16403.9105
16416.7495
16417.5315
16419.274
16421.1685
16421.1905
16426.244
16427.733
16428.17
16429.033
16433.185
16438.346
16445.5305
16447.969
16449.3795
16452.748
16456.83
16457.9915
16461.7735
16463.0765
16463.7395
16464.873
16465.511
16474.7805
16476.2055
16477.0225
16478.983
16484.4745
16485.637
16489.142
16491.733
16495.0985
16500.3475
16502.008
16502.546
16509.518
16509.9245
16513.501
16515.892
16517.8375
16520.0565
16521.868
16523.097
16523.6865
16524.969
16534.7165
16535.693
16539.4945
16539.9585
16543.3275
16544.669
16548.736
16553.162
16556.93
16557.552
16559.0925
16559.243
16559.594
16559.829
16560.271
16562.516
16573.4365
16575.8855
16582.4105
16582.9525
16584.642
16584.841
16585.836
16588.809
16592.1165
16593.6365
16594.3415
16596.5885
16599.152
16604.1045
16605.5405
16615.347
16618.823
16633.5945
16634.0785
16635.5135
16636.0315
16641.9605
16646.7985
16652.044
16653.6465
16655.2025
16657.6615
16657.7275
16667.0855
16669.9855
16674.7405
16674.844
16687.2195
16690.5435
16691.6055
16692.4205
16701.2845
16702.017
16704.024
16704.8555
16710.69
16711.624
16714.772
16715.8805
16717.211
16721.205
16725.144
16725.6685
16726.9395
16727.142
16729.6415
16730.118
16731.987
16733.3275
16734.522
16743.519
16745.367
16745.988
16748.047
16748.3965
16755.487
16757.947
16762.627
16764.251
16767.293
16768.259
16770.752
16770.9095
16772.9915
16774.7325
16774.886
16775.007
16777.325
16777.835
16781.2235
16782.695
16790.338
16791.5
16793.8935
16796.9905
16799.424
16801.1445
16801.6805
16802.0985
16803.7685
16814.339
16814.764
16815.879
16819.609
16829.8455
16832.8975
16834.83
16839.08
16839.5445
16841.101
16841.2245
16846.803
16848.6565
16854.8785
16858.5795
16859.809
16860.6495
16865.635
16868.6265
16870.7965
16873.8115
16878.2365
16880.9415
16881.406
16882.3995
16884.132
16884.27
16888.8385
16890.1385
16894.4545
16903.1135
16903.299
16903.8955
16912.799
16916.577
16917.2775
16919.196
16922.522
16923.453
16927.77
16928.0665
16930.729
16936.9635
16938.893
16944.14
16944.958
16947.7275
16950.4395
16950.5065
16950.7905
16954.2165
16956.0875
16957.6385
16959.0795
16960.453
16969.4715
16970.0405
16971.684
16973.83
16975.7395
16978.714
16979.981
16982.009
16982.8155
16984.7945
16989.2835
16997.0375
17007.397
17008.3845
17012.198
17015.981
17017.4855
17018.6615
17021.085
17023.793
17024.6075
17035.1825
17037.1545
17037.1715
17040.1905
17040.3005
17041.76
17046.7875
17047.7745
17052.595
17054.636
17056.2125
17062.1055
17062.7635
17063.263
17066.096
17069.6265
17074.681
17078.6405
17079.878
17081.3655
17086.614
17091.506
17093.957
17095.297
17097.578
17101.5345
17103.1945
17107.5045
17109.77
17110.342
17111.4455
17116.249
17116.6625
17118.4045
17122.687
17123.5885
17123.891
17125.635
17127.432
17128.269
17128.997
17132.529
17133.142
17134.2685
17134.322
17136.8685
17138.4455
17141.876
17144.8865
17149.5515
17149.678
17150.112
17153.413
17154.49
17158.932
17159.027
17162.015
17162.139
17163.69
17178.215
17179.492
17181.7395
17185.951
17188.596
17189.368
17193.2885
17195.4525
17197.593
17199.5015
17202.0835
17205.932
17206.659
17208.1355
17210.8275
17214.011
17215.956
17218.7765
17218.925
17218.9575
17219.8665
17222.5495
17223.3545
17226.4245
17229.2825
17232.327
17237.694
17238.243
17240.3025
17244.5235
17244.787
17245.4375
17251.107
17252.823
17253.513
17253.9405
17258.072
17259.711
17260.554
17261.1765
17263.439
17265.5235
17269.787
17270.731
17273.7655
17274.303
17275.8335
17277.7315
17278.6635
17279.866
17282.173
17282.4105
17283.4835
17288.8975
17292.0875
17292.1665
17300.77
17304.263
17305.8895
17308.0125
17308.9845
17309.6555
17309.9795
17316.074
17318.554
17320.0965
17320.827
17321.6545
17324.536
17331.0055
17333.592
17333.615
17335.2335
17335.4815
17336.2505
17336.6085
17338.601
17339.289
17339.8635
17341.9115
17343.06
17343.3845
17346.5705
17347.105
17347.9955
17348.307
17349.98
17350.009
17350.2715
17350.415
17350.8265
17351.275
17354.5365
17354.9015
17357.7205
17358.3595
17359.1
17361.551
17361.876
17362.0945
17362.2915
17362.328
17362.488
17365.1985
17367.721
17373.957
17375.1585
17378.043
17382.034
17383.736
17391.2325
17393.377
17393.7895
17395.191
17395.8605
17396.974
17397.8145
17398.045
17400.3255
17401.626
17406.664
17417.476
17418.3205
17428.0225
17433.7855
17434.2935
17436.2595
17436.4395
17437.652
17441.1735
17441.9985
17445.588
17447.14
17447.427
17447.941
17454.617
17455.5095
17457.639
17458.768
17460.2525
17462.8355
17463.5945
17469.6025
17479.8145
17485.2125
17487.0765
17487.2625
17487.839
17489.472
17493.4165
17495.6845
17497.4305
17498.6255
17499.259
17500.903
17502.0905
17508.004
17508.352
17508.6485
17512.7675
17516.6625
17520.841
17525.8295
17526.493
17526.6295
17532.9845
17534.1325
17537.2785
17542.2345
17547.0565
17547.5925
17548.5155
17549.8805
17552.478
17555.701
17555.837
17557.7705
17558.871
17561.504
17564.233
17565.1895
17568.5295
17569.331
17579.972
17581.124
17583.937
17586.3435
17586.868
17588.4925
17590.916
17591.2135
17598.914
17604.356
17605.727
17607.4035
17611.08
17613.5575
17619.9935
17620.9725
17621.8375
17622.39
17631.724
17631.895
17635.275
17637.1265
17638.178
17639.11
17640.226
17641.198
17641.938
17645.399
17645.576
17649.332
17650.364
17652.448
17653.0905
17660.0835
17661.7575
17661.9015
17662.7425
17666.054
17670.1675
17675.855
17676.8425
17680.379
17682.503
17685.222
17688.52
17689.934
17693.4955
17695.461
17701.389
17705.402
17708.3745
17714.0745
17717.1775
17718.2345
17718.547
17721.593
17724.7355
17724.995
17729.3415
17730.511
17731.4645
17733.819
17734.631
17736.1515
17745.044
17746.4365
17746.9005
17748.862
17750.226
17754.1165
17759.151
17759.8815
17759.893
17761.5565
17762.334
17762.635
17763.225
17763.418
17766.37
17766.717
17771.4855
17776.5435
17777.1015
17777.7365
17780.693
17782.3495
17783.0765
17787.9985
17790.148
17790.177
17793.6855
17794.3055
17798.3925
17799.1
17799.1905
17799.8315
17805.2675
17805.6575
17807.7155
17811.8695
17811.927
17812.8045
17812.951
17813.844
17815.62
17816.009
17816.0945
17817.6095
17818.5015
17825.208
17830.122
17831.2285
17832.1135
17832.635
17833.339
17834.399
17834.7025
17836.6015
17836.701
17838.119
17839.74
17839.7505
17843.7525
17844.273
17846.5505
17849.2445
17851.41
17856.155
17858.0345
17858.53
17859.3765
17859.5455
17859.857
17859.918
17860.417
17861.966
17863.532
17871.0645
17873.382
17873.97
17876.0825
17876.2425
17879.4195
17880.54
17882.034
17883.9835
17885.3815
17887.455
17887.915
17888.0755
17891.3795
17891.811
17891.834
17893.4455
17894.0015
17895.345
17897.4535
17909.5845
17910.9275
17911.599
17915.971
17920.2805
17921.098
17922.397
17922.973
17923.107
17927.594
17927.759
17928.0805
17931.157
17931.9
17934.1665
17937.0855
17937.881
17938.666
17939.171
17939.2455
17939.5335
17940.1505
17940.164
17940.2125
17941.71
17942.622
17943.342
17943.7635
17944.512
17946.3395
17947.75
17948.1
17948.6395
17952.7875
17952.8215
17953.9735
17954.2915
17955.743
17956.4195
17956.675
17960.6565
17963.961
17965.564
17966.7535
17969.42
17970.049
17970.149
17970.291
17971.5895
17977.346
17978.5125
17982.084
17985.4235
17985.633
17985.8905
17989.8355
17990.443
17991.322
17997.266
17999.3225
18001.839
18003.445
18004.417
18008.3795
18014.6855
18016.421
18024.262
18025.555
18025.5615
18035.281
18035.4585
18037.427
18038.315
18039.4185
18040.4555
18044.934
18047.066
18048.32
18048.777
18050.703
18052.415
18053.3565
18053.8335
18058.068
18060.3965
18067.7995
18069.167
18069.741
18072.2265
18078.501
18079.083
18079.5895
18081.2085
18084.648
18085.5045
18086.4925
18086.8545
18087.1415
18089.79
18095.8265
18097.0115
18097.1765
18098.4475
18098.9665
18099.2955
18100.352
18100.7545
18104.209
18106.838
18108.6415
18110.103
18110.3295
18110.956
18110.9725
18112.014
18113.3825
18115.57
18116.258
18117.2065
18117.657
18122.95
18128.892
18132.5645
18133.256
18133.3705
18133.7165
18133.943
18133.9675
18134.0385
18134.296
18135.915
18136.2975
18136.6075
18141.841
18143.024
18144.6845
18145.0985
18150.228
18151.0985
18153.354
18154.6525
18156.284
18160.5775
18163.0705
18163.718
18164.556
18168.953
18169.0175
18171.1345
18173.752
18177.713
18185.4155
18186.815
18190.817
18191.6435
18193.572
18195.6695
18195.731
18196.62
18197.008
18197.4215
18201.9685
18202.792
18207.499
18212.7705
18216.594
18216.733
18219.0485
18221.192
18221.987
18227.457
18230.887
18234.1825
18236.76
18237.8185
18240.3685
18242.929
18247.338
18248.7635
18249.8255
18250.196
18250.6305
18251.253
18252.1015
18252.677
18259.4675
18260.5765
18261.174
18262.5095
18262.7285
18265.0785
18268.017
18271.6535
18278.4805
18278.564
18279.346
18280.743
18282.122
18282.545
18286.06
18286.2475
18287.973
18288.1515
18289.574
18290.8655
18296.557
18298.5015
18298.8775
18303.37
18304.8245
18306.292
18310.611
18311.3085
18311.4965
18312.8135
18316.013
18316.311
18318.103
18319.4095
18320.2265
18320.298
18320.549
18326.268
18328.6615
18330.2725
18330.684
18332.9075
18336.664
18337.9875
18341.766
18344.0905
18344.5355
18347.824
18353.719
18362.6695
18364.259
18364.99
18367.182
18369.6725
18373.829
18378.1425
18381.5425
18381.8585
18382.3285
18382.437
18385.26
18387.0645
18390.522
18392.646
18393.7065
18395.982
18396.061
18401.9645
18403.8035
18408.211
18409.8905
18410.079
18414.001
18414.007
18415.463
18417.088
18418.2215
18420.8745
18425.556
18425.804
18428.2845
18432.08
18436.457
18437.5395
18438.543
18439.056
18439.937
18440.9115
18442.3825
18445.627
18446.7715
18447.9595
18448.354
18451.0815
18454.7655
18455.0565
18456.4005
18456.714
18457.145
18457.361
18457.8175
18463.145
18466.77
18467.2035
18468.148
18470.7505
18473.7375
18473.9965
18474.142
18476.679
18480.784
18488.706
18492.6775
18492.9085
18493.17
18494.2335
18494.2465
18495.3055
18497.066
18497.3495
18497.648
18498.0675
18501.373
18501.683
18502.655
18504.436
18505.113
18506.845
18508.414
18508.638
18509.3555
18513.3595
18519.3345
18520.112
18523.8135
18525.0785
18526.5735
18526.6345
18529.097
18529.8275
18531.644
18534.2995
18536.681
18539.148
18539.6085
18542.619
18545.088
18545.248
18546.342
18548.869
18551.795
18553.5645
18554.3705
18556.0445
18557.4455
18561.856
18565.265
18568.3565
18569.3185
18571.8955
18571.9395
18572.375
18572.7475
18576.7195
18579.9565
18580.8045
18581.3485
18581.369
18582.036
18586.158
18586.333
18588.52
18588.688
18589.0075
18589.8875
18592.934
18595.9275
18595.998
18596.358
18596.378
18606.8725
18607.471
18610.52
18610.9845
18616.4965
18617.1895
18619.159
18620.019
18620.5825
18622.8265
18622.839
18628.036
18629.903
18630.991
18631.1545
18633.6915
18635.5105
18639.869
18643.6685
18643.751
18647.2365
18650.6905
18651.6075
18651.874
18652.3415
18652.515
18653.458
18657.394
18659.0665
18661.9945
18663.001
18664.258
18665.2605
18665.8335
18666.839
18667.1515
18670.958
18671.2855
18673.122
18673.506
18676.6265
18678.734
18681.6025
18684.141
18685.401
18685.523
18686.2855
18688.9185
18689.1175
18691.2255
18694.163
18695.207
18696.783
18699.2085
18707.8405
18708.014
18708.9265
18710.1145
18711.0385
18712.324
18714.754
18717.1275
18721.861
18725.8465
18731.351
18733.0355
18733.8655
18734.052
18735.5845
18738.435
18739.5595
18741.469
18742.381
18746.9065
18748.1575
18748.288
18753.3855
18753.6365
18757.2625
18758.66
18759.4225
18760.3515
18762.862
18765.808
18768.8565
18773.5255
18776.601
18778.286
18779.145
18779.978
18781.508
18786.9675
18789.978
18791.011
18792.8275
18793.1335
18795.195
18797.4895
18798.4355
18800.69
18801.023
18801.4985
18802.776
18804.026
18804.792
18810.572
18814.053
18814.3505
18817.0505
18820.157
18821.731
18821.876
18822.7315
18824.2265
18824.4485
18829.048
18834.7245
18841.3945
18841.78
18841.973
18842.3685
18842.612
18843.249
18844.375
18846.008
18847.886
18849.561
18851.9905
18852.218
18854.1745
18856.494
18856.755
18858.3165
18858.547
18860.571
18861.202
18865.068
18867.082
18867.155
18871.5495
18872.9655
18873.303
18874.0555
18881.176
18881.685
18887.938
18888.358
18888.907
18889.166
18893.595
18895.961
18896.119
18898.155
18899.842
18901.541
18902.0555
18903.3095
18908.5245
18909.01
18911.714
18911.8275
18913.35
18917.4085
18918.8355
18921.9335
18922.244
18929.8425
18932.1215
18934.5115
18936.8055
18937.836
18939.08
18942.7315
18943.842
18946.186
18946.5385
18947.0555
18954.3255
18954.8435
18954.9695
18959.379
18960.9345
18961.9945
18963.4695
18968.218
18969.114
18969.5345
18970.4485
18979.1445
18979.6175
18981.2375
18983.1375
18985.43
18986.174
18988.5895
18989.3795
18991.0855
18993.5865
18994.32
18996.9035
19002.4985
19005.563
19006.645
19006.916
19013.8545
19013.985
19016.4045
19020.068
19025.5935
19025.6295
19026.2955
19027.1595
19027.743
19027.9705
19028.4435
19028.697
19037.3815
19039.7445
19040.3625
19041.18
19043.7595
19047.259
19047.288
19050.364
19052.1805
19052.6715
19053.266
19054.1575
19054.5625
19056.5675
19057.9655
19065.6385
19072.2165
19072.406
19072.8095
19073.753
19075.2735
19078.6345
19078.9465
19080.813
19082.1685
19092.9185
19093.356
19094.194
19099.3625
19099.4065
19100.1715
19101.9665
19102.1955
19104.0315
19106.3175
19108.81
19112.4995
19115.082
19115.6185
19115.669
19116.1275
19118.311
19120.651
19122.057
19125.3805
19128.15
19132.9635
19134.326
19134.3615
19137.4245
19138.9865
19139.7385
19140.6125
19141.185
19141.6775
19145.645
19147.0375
19149.904
19151.2695
19154.048
19158.682
19165.268
19165.275
19167.1385
19167.2025
19172.588
19172.8765
19173.327
19173.9425
19180.5475
19181.435
19181.658
19182.432
19182.775
19182.783
19183.465
19183.549
19187.9625
19191.47
19192.703
19196.22
19199.9905
19201.641
19204.3025
19204.878
19208.2095
19212.178
19212.9975
19213.2995
19215.8885
19220.412
19221.6215
19222.9325
19223.0285
19225.8825
19227.261
19229.938
19237.4
19239.5015
19243.1295
19244.294
19244.771
19249.9465
19251.0365
19251.726
19253.594
19256.159
19256.595
19259.4375
19259.646
19262.3855
19263.2075
19265.6435
19267.4625
19271.4505
19271.529
19273.8165
19276.6375
19278.1725
19278.519
19279.234
19286.538
19287.875
19289.5395
19289.715
19290.1975
19292.7535
19293.1225
19299.45
19300.936
19303.425
19304.055
19305.2585
19308.79
19310.254
19311.8265
19313.844
19313.889
19314.7625
19314.778
19315.187
19318.313
19322.8145
19324.9135
19325.1195
19325.3
19326.7455
19327.231
19327.874
19327.908
19328.172
19330.295
19330.351
19330.5865
19331.0465
19332.2775
19332.522
19333.855
19335.3825
19335.9945
19336.7995
19337.5065
19341.2515
19342.15
19343.3775
19350.3865
19352.7505
19352.9395
19353.5165
19357.4895
19358.8005
19364.584
19368.4645
19374.313
19377.2245
19382.607
19383.8
19384.0365
19386.283
19386.523
19386.548
19386.8605
19388.005
19388.1105
19396.072
19397.361
19397.641
19397.9465
19404.126
19405.2265
19407.1255
19407.694
19409.5455
19413.457
19414.2505
19415.0015
19419.914
19421.82
19424.4325
19426.998
19427.059
19427.0625
19427.3285
19428.229
19432.005
19433.149
19441.4185
19448.8645
19451.6585
19454.239
19454.321
19457.082
19457.847
19459.471
19463.024
19463.9075
19464.6875
19465.7235
19467.2425
19472.3055
19477.726
19479.581
19481.3175
19482.7335
19482.818
19483.911
19484.598
19487.4105
19488.5765
19489.0245
19489.834
19492.8195
19493.161
19494.8395
19496.356
19498.765
19498.7885
19500.295
19502.673
19506.8715
19510.669
19515.541
19523.7775
19530.6865
19534.3815
19535.658
19536.1355
19537.306
19538.5375
19539.768
19543.05
19543.1255
19547.8565
19548.384
19548.652
19551.0535
19551.744
19552.072
19552.116
19556.907
19557.136
19558.5895
19559.219
19564.1765
19565.077
19565.4695
19567.268
19568.007
19569.5745
19569.6165
19569.738
19571.4735
19574.1795
19577.814
19578.724
19579.0015
19580.704
19583.1235
19585.762
19588.7635
19590.735
19591.482
19596.2645
19599.7115
19600.6675
19601.223
19601.8185
19601.9985
19602.2905
19607.873
19607.9145
19609.119
19610.9655
19611.5395
19613.924
19614.4455
19614.956
19616.4755
19616.53
19617.254
19619.94
19621.4785
19621.6945
19629.3175
19632.2475
19632.341
19633.872
19635.277
19635.9
19636.1625
19638.558
19639.3695
19642.2745
19643.7085
19643.7705
19644.146
19644.7285
19645.3765
19647.3995
19648.3325
19648.901
19649.5385
19649.6315
19652.224
19652.8845
19653.554
19653.851
19654.1145
19654.2435
19655.8785
19656.2395
19657.0085
19657.1995
19657.555
19659.796
19660.535
19661.9615
19662.7795
19667.461
19668.22
19670.5745
19670.635
19674.604
19675.8405
19684.4095
19684.9825
19685.381
19692.734
19699.4405
19701.5105
19701.92
19702.26
19705.41
19706.6025
19706.659
19711.274
19712.458
19712.786
19715.073
19716.2965
19716.4645
19717.591
19721.2395
19721.6825
19724.6545
19724.9075
19728.173
19731.2795
19731.4035
19733.621
19734.4915
19736.7015
19737.287
19740.655
19750.3565
19750.39
19755.495
19755.7065
19759.643
19761.9445
19768.0845
19772.593
19776.7925
19778.7285
19781.627
19781.853
19783.575
19788.125
19789.743
19799.0225
19799.0235
19801.1935
19801.3365
19801.8145
19804.7705
19805.236
19805.5095
19808.329
19811.4975
19812.3835
19812.4365
19814.7545
19815.2015
19815.6755
19822.2795
19822.6895
19825.7945
19826.6595
19827.472
19828.8145
19829.4405
19830.8625
19835.1945
19836.001
19841.4295
19842.6875
19845.0105
19845.0345
19848.0015
19855.21
19858.9585
19860.6765
19861.3715
19862.449
19863.2295
19867.956
19868.4055
19871.521
19871.6475
19874.8085
19874.8865
19877.651
19879.3745
19880.104
19880.4815
19881.411
19884.2185
19886.0755
19888.01
19889.55
19889.846
19894.475
19900.461
19904.271
19904.7025
19906.1925
19906.2525
19908.218
19908.224
19908.393
19911.019
19911.138
19912.4825
19917.3415
19920.6775
19924.9135
19925.7355
19928.313
19929.63
19931.66
19935.984
19937.412
19938.884
19940.6515
19943.942
19944.135
19946.7305
19948.7475
19949.902
19949.9465
19949.988
19956.1485
19959.376
19960.42
19961.262
19964.3285
19969.38
19970.7375
19977.275
19978.3055
19986.6375
19990.3085
19990.704
19991.9765
19992.534
19996.4005
19996.631
19999.4085
20003.7735
20004.429
20004.666
20010.124
20010.9375
20012.222
20014.5835
20016.9155
20021.002
20024.2545
20027.4855
20031.9665
20033.397
20033.5265
20036.2135
20036.3315
20037.6515
20040.2495
20040.7175
20041.832
20043.149
20043.4745
20044.1415
20044.28
20053.1195
20056.6735
20056.9355
20057.938
20059.1565
20059.3675
20060.0465
20066.32
20067.9745
20068.6025
20072.69
20074.2635
20075.467
20080.675
20081.2915
20082.1365
20084.518
20087.8435
20088.413
20092.381
20092.5425
20093.3165
20094.941
20095.83
20096.1435
20101.806
20103.7095
20104.477
20104.6445
20106.2645
20107.554
20108.5765
20114.842
20116.719
20119.3475
20120.4725
20122.5575
20123.2715
20123.3945
20131.418
20149.561
20151.9885
20155.355
20156.894
20161.0795
20161.6685
20162.7735
20163.016
20163.0965
20164.4885
20164.679
20164.9655
20165.183
20168.6035
20170.095
20174.0095
20175.0465
20180.888
20182.8695
20185.6045
20186.0505
20186.1265
20186.154
20188.571
20190.3825
20195.4035
20196.164
20197.527
20199.5995
20211.353
20212.292
20213.3995
20213.91
20213.9495
20216.8575
20217.6055
20222.853
20224.056
20224.186
20224.2455
20224.903
20225.093
20226.697
20228.565
20228.626
20229.3915
20230.192
20230.3165
20231.4905
20231.94
20232.819
20234.3195
20236.4025
20236.7655
20239.3455
20241.896
20243.997
20246.813
20246.831
20247.3875
20251.7285
20260.658
20261.5265
20263.2095
20267.1455
20268.6575
20272.387
20274.3885
20275.256
20277.9975
20282.0295
20285.0865
20285.0905
20285.658
20287.6285
20288.8525
20289.3325
20295.482
20299.379
20305.159
20306.7375
20309.175
20317.6495
20320.888
20325.5035
20326.5665
20330.444
20332.7735
20334.877
20335.9445
20336.287
20336.361
20336.362
20337.8565
20340.222
20340.4125
20341.444
20342.7415
20347.764
20352.105
20354.961
20356.4815
20357.657
20357.8035
20360.8825
20361.548
20367.2615
20367.588
20367.913
20379.6105
20386.3425
20388.4095
20388.5435
20391.41
20391.614
20393.731
20399.676
20401.952
20402.2075
20402.743
20412.055
20412.4875
20415.7815
20416.37
20416.5945
20422.614
20425.6075
20426.2875
20427.0275
20430.8595
20431.9905
20432.5115
20433.0495
20433.3025
20433.4175
20433.5425
20435.2925
20439.748
20440.1965
20440.799
20442.78
20443.194
20445.412
20446.2395
20446.5815
20447.5445
20450.315
20452.006
20452.726
20452.9135
20453.872
20456.071
20461.28
20462.5475
20462.6355
20462.7345
20466.56
20470.2165
20471.645
20471.6965
20472.4415
20477.0405
20479.339
20481.013
20481.2135
20482.272
20483.5505
20487.757
20487.882
20489.677
20490.4305
20492.6425
20492.8615
20493.3045
20494.94
20505.835
20506.449
20506.746
20507.6305
20508.9805
20510.6355
20513.519
20514.913
20516.0165
20518.735
20520.7705
20526.8025
20527.7615
20534.0185
20536.768
20538.5825
20539.071
20539.872
20541.9955
20547.7675
20550.7025
20554.221
20554.4175
20555.524
20557.0355
20560.141
20562.51
20564.161
20566.925
20567.2825
20568.3995
20570.9795
20571.3345
20573.4105
20576.975
20577.111
20577.2005
20578.9545
20581.4715
20586.886
20587.6345
20588.0215
20588.8895
20591.002
20594.3595
20597.3125
20597.576
20597.9185
20600.385
20604.6515
20605.5915
20607.918
20608.4005
20610.933
20612.2545
20613.743
20614.6615
20617.5715
20617.7985
20618.578
20619.3155
20621.3295
20626.288
20632.3
20634.9055
20636.895
20638.8315
20638.978
20641.7575
20644.552
20647.135
20648.019
20650.576
20650.741
20652.4605
20654.584
20656.657
20661.6
20664.2125
20667.725
20676.366
20676.391
20676.4805
20677.227
20678.2925
20679.2915
20679.406
20681.5465
20682.6045
20684.057
20687.16
20687.4225
20688.6015
20689.8515
20690.367
20691.4735
20694.2645
20694.352
20697.877
20703.368
20703.4265
20704.787
20705.6925
20706.294
20709.7015
20710.8785
20712.7465
20713.8225
20717.4675
20718.3775
20719.43
20734.5775
20737.0155
20738.115
20739.101
20741.411
20745.6525
20746.057
20747.604
20749.9125
20755.5675
20756.054
20757.4285
20759.5305
20760.4
20762.4345
20764.1885
20765.4885
20766.4355
20768.5365
20770.2575
20772.516
20775.6755
20777.056
20781.316
20789.312
20791.478
20792.3315
20793.4675
20795.6755
20801.1305
20805.08
20805.6235
20808.4955
20809
20811.206
20814.054
20827.625
20827.6395
20828.042
20830.258
20830.3895
20831.8845
20832.8105
20834.9065
20836.002
20838.67
20839.1475
20843.1385
20845.1475
20849.0985
20854.2305
20855.3235
20855.9965
20857.813
20860.058
20864.8945
20865.463
20868.8155
20869.229
20872.9305
20873.625
20873.75
20874.611
20877.136
20881.105
20881.382
20881.685
20881.995
20883.629
20884.381
20888.392
20889.2985
20892.087
20896.88
20897.317
20897.874
20897.884
20903.3035
20905.6805
20908.3585
20912.96
20915.48
20915.532
20920.139
20922.5215
20925.72
20929.059
20933.386
20935.1765
20940.4295
20941.052
20942.017
20943.518
20945.145
20947.286
20947.9135
20949.919
20950.86
20951.0115
20952.798
20954.8455
20957.2845
20962.5665
20962.7875
20966.4905
20969.6595
20969.726
20972.1585
20972.176
20977.054
20977.845
20979.4365
20980.5025
20982.214
20985.0345
20985.0905
20988.597
20990.556
20992.098
20992.2235
20995.5205
21000.249
21000.7425
21003.594
21005.217
21008.5135
21010.407
21011.8305
21012.393
21013.8075
21014.5615
21018.6045
21020.418
21023.43
21025.716
21025.729
21026.408
21026.827
21027.2315
21035.789
21041.581
21042.162
21042.5555
21049.4365
21056.095
21057.116
21064.9825
21067.171
21069.739
21070.6505
21070.725
21075.994
21077.3555
21077.5615
21077.6685
21079.966
21085.959
21087.741
21087.9035
21089.965
21090.3615
21094.2725
21095.9425
21096.573
21099.6405
21100.69
21101.121
21104.447
21104.465
21105.8095
21106.7405
21109.552
21110.944
21112.629
21113.4255
21114.325
21116.2905
21116.998
21117.253
21118.194
21119.9095
21122.302
21123.0385
21124.044
21125.841
21127.4075
21127.913
21130.0255
21133.9635
21136.068
21140.4755
21142.4115
21143.725
21143.8875
21146.002
21146.659
21150.456
21152.72
21153.009
21154.122
21154.1755
21155.697
21161.47
21161.535
21163.2805
21163.93
21165.4605
21168.3015
21170.0595
21170.6225
21172.6885
21173.565
21175.6085
21176.4445
21176.879
21177.2425
21178.308
21179.7535
21180.6845
21185.8655
21186.9625
21189.3195
21190.7395
21190.785
21192.908
21193.4165
21193.9855
21195.3785
21196.2205
21196.5555
21197.097
21202.7525
21204.7405
21204.819
21207.0775
21207.3965
21213.785
21215.199
21218.7215
21219.7895
21220.1395
21221.1305
21227.3685
21228.782
21230.4575
21231.0745
21234.7935
21235.0075
21236.656
21236.6915
21236.9335
21237.762
21239.261
21242.4335
21243.261
21243.289
21244.8855
21248.4815
21248.607
21249.0135
21254.191
21255.964
21260.0925
21265.24
21269.0615
21270.091
21271.2625
21272.3385
21273.181
21273.69
21280.0735
21280.325
21283.3565
21283.804
21284.256
21285.06
21287.141
21288.511
21290.28
21292.997
21294.2975
21294.687
21297.5665
21297.734
21306.497
21308.2285
21309.9885
21310.7805
21314.0935
21314.311
21315.2115
21323.978
21324.228
21324.31
21324.4205
21326.112
21329.6465
21330.0635
21330.5575
21334.2885
21334.471
21334.6575
21336.492
21337.131
21337.5665
21338.4965
21339.8265
21339.9825
21342.1925
21344.6355
21345.3565
21346.595
21348.274
21350.7345
21353.4815
21358.1805
21359.557
21361.792
21362.3365
21362.397
21362.5435
21365.4585
21365.867
21370.616
21372.0425
21375.1935
21378.4965
21381.284
21381.3465
21385.8715
21387.098
21388.3515
21388.7145
21389.169
21390.963
21393.97
21394.757
21395.3425
21395.9025
21397.4005
21397.8105
21398.914
21401.278
21401.4165
21406.2605
21406.509
21407.2135
21408.511
21411.0145
21411.115
21411.571
21413.818
21416.7575
21416.9255
21418.821
21418.9495
21423.014
21424.838
21425.1845
21425.305
21427.1595
21429.868
21430.059
21431.2445
21436.8825
21437.0255
21438.1185
21438.406
21438.574
21441.058
21441.183
21443.779
21445.891
21446.741
21448.126
21452.0365
21452.416
21453.6795
21457.011
21457.038
21458.077
21460.618
21461.379
21465.3975
21470.3585
21470.899
21471.1825
21472.2395
21473.7605
21473.8105
21474.7385
21476.2415
21480.26
21480.756
21481.1165
21481.2245
21482.562
21486.7695
21491.9125
21492.372
21493.692
21494.1565
21495.114
21496.136
21500.442
21503.1415
21503.169
21504.7405
21507.3275
21507.4305
21507.5055
21507.903
21507.9735
21508.6695
21508.763
21511.224
21511.3225
21511.743
21513.447
21513.8005
21517.425
21521.064
21521.4415
21521.462
21522.142
21522.4325
21523.2025
21523.6695
21524.8155
21525.2995
21525.438
21528.396
21532.512
21533.267
21534.483
21539.23
21541.082
21541.969
21542.2925
21542.843
21543.6655
21544.418
21544.77
21545.2805
21550.2595
21552.3145
21552.4125
21553.533
21554.052
21554.1455
21557.134
21563.675
21567.3215
21569.12
21569.3985
21569.7845
21569.929
21571.4595
21571.983
21586.2665
21587.1015
21589.2465
21589.4725
21593.233
21593.8045
21594.6565
21594.6605
21595.0075
21595.1065
21597.7775
21598.6455
21598.7085
21600.9305
21601.352
21601.806
21602.7995
21603.4055
21605.026
21605.5515
21606.537
21607.017
21609.022
21609.0985
21610.136
21611.7095
21613.831
21617.6645
21618.724
21620.461
21620.757
21621.924
21623.331
21635.095
21636.16
21636.6375
21637.191
21639.366
21640.8655
21644.0995
21646.2065
21647.124
21647.164
21649.2295
21649.842
21652.136
21652.186
21658.225
21658.8775
21668.218
21668.644
21670.0915
21676.059
21678.094
21678.781
21680.3385
21682.1535
21682.1555
21682.8575
21683.044
21686.125
21686.5155
21687.622
21688.2705
21693.528
21694.76
21694.991
21695.6495
21696.5245
21697.0295
21697.564
21704.645
21705.428
21706.243
21709.459
21710.878
21710.9555
21713.263
21713.8135
21715.1525
21716.966
21717.1285
21719.104
21720.6515
21721.8675
21726.077
21728.5055
21730.705
21731.7475
21732.6825
21735.42
21735.664
21736.762
21742.8055
21743.9385
21745.762
21746.201
21746.4285
21746.605
21747.1615
21750.5935
21751.2515
21752.792
21752.8905
21756.746
21756.8355
21757.6575
21758.302
21761.995
21762.507
21762.998
21763.072
21763.226
21765.31
21769.3085
21771.4175
21772.648
21773.3455
21775.096
21778.055
21778.855
21779.3925
21780.9175
21782.1225
21782.839
21784.5765
21788.1515
21788.235
21789.398
21790.0225
21790.699
21794.349
21794.447
21794.887
21796.4365
21796.589
21797.2635
21799.745
21800.2405
21803.463
21808.062
21810.072
21811.349
21812.5965
21816.2505
21819.7715
21820.1035
21820.2085
21820.372
21820.6405
21820.7555
21821.643
21821.9355
21822.4015
21827.385
21828.1925
21828.7425
21829.4155
21830.2985
21830.8465
21831.48
21832.0205
21832.712
21833.3045
21835.5195
21838.337
21839.105
21841.5205
21842.503
21843.799
21846.2785
21846.608
21854.3885
21854.4835
21854.572
21855.3805
21856.243
21857.7365
21858.642
21859.908
21859.959
21860.851
21861.252
21862.3905
21862.8425
21863.958
21865.439
21865.803
21867.1745
21868.8755
21868.92
21869.8925
21871.3735
21872.5445
21874.0035
21874.4555
21874.8125
21876.9235
21878.9855
21879.68
21879.6835
21880.2995
21881.09
21881.172
21885.6575
21886.7525
21887.1245
21887.7425
21888.082
21888.1295
21889.4455
21889.9695
21894.1575
21895.5905
21896.0185
21898.4765
21900.8955
21902.4295
21903.66
21903.7425
21904.017
21912.822
21914.5665
21915.2845
21915.734
21916.9865
21917.3035
21917.4455
21917.6365
21918.913
21919.138
21919.5665
21924.8965
21925.4895
21925.762
21926.7975
21927.233
21927.797
21929.8945
21930.977
21931.193
21931.3715
21931.745
21933.9835
21935.383
21935.593
21936.676
21941.9675
21942.3105
21943.3895
21943.7845
21943.9435
21944.5185
21947.5145
21950.489
21950.7045
21953.0465
21953.4195
21953.934
21954.409
21956.0355
21956.3795
21956.4615
21956.8525
21964.4925
21964.683
21965.0505
21965.297
21971.1715
21971.7195
21971.839
21973.137
21973.3835
21973.763
21974.4625
21975.668
21975.674
21976.496
21978.9905
21981.388
21983.732
21986.8385
21990.636
21991.691
21995.758
21996.5825
22001.4765
22001.596
22003.4945
22003.9005
22004.089
22007.6025
22009.2105
22011.1445
22011.673
22011.7095
22014.9915
22015.931
22016.776
22018.776
22024.03
22024.0725
22024.542
22027.0755
22027.2035
22027.5325
22028.6455
22029.6345
22029.923
22031.7585
22032.4525
22033.496
22033.53
22035.8025
22038.802
22039.336
22041.04
22041.1665
22041.8525
22042.806
22042.9535
22043.149
22043.89
22043.973
22044.1105
22046.0025
22048.1875
22048.4435
22049.6755
22052.6495
22057.09
22058.747
22058.8635
22059.325
22062.9905
22063.9535
22064.3745
22066.0425
22068.83
22069.1995
22070.363
22070.586
22077.2395
22078.503
22080.0805
22080.397
22081.558
22081.606
22082.6955
22083.28
22083.8335
22084.192
22085.014
22085.0785
22089.5975
22090.98
22091.769
22093.217
22095.3635
22095.498
22096.721
22100.9895
22101.7565
22105.0115
22105.409
22105.8625
22108.6075
22109.1655
22109.1815
22109.241
22112.4295
22112.5005
22113.4195
22114.7035
22117.1075
22118.482
22118.669
22119.247
22119.685
22120.352
22120.536
22121.322
22122.7905
22123.0645
22124.137
22126.1925
22127.2135
22129.0295
22134.0575
22134.449
22134.5765
22134.6415
22135.219
22136.585
22138.079
22138.0935
22138.7
22139.2245
22139.438
22139.548
22139.9855
22141.5045
22141.573
22142.534
22145.817
22146.042
22146.4585
22148.4535
22148.6725
22148.7705
22149.8745
22150.6715
22150.9455
22151.1465
22151.1575
22151.212
22152.3695
22155.174
22156.551
22156.714
22158.538
22158.694
22159.3695
22163.5215
22166.7965
22170.5605
22170.963
22173.158
22175.725
22176.871
22177.482
22177.5425
22179.4225
22179.88
22180.7135
22181.089
22181.2055
22182.2425
22182.9065
22183.518
22185.118
22185.1555
22185.3275
22185.748
22185.876
22187.2225
22188.2125
22188.3755
22189.2455
22189.4435
22189.819
22190.165
22192.51
22195.4965
22197.3805
22199.576
22199.7315
22200.9455
22201.1005
22201.2655
22206.4305
22206.9645
22207.277
22210.405
22211.43
22214.1975
22216.34
22216.578
22218.7535
22218.7915
22219.945
22224.0745
22225.3625
22226.374
22227.937
22229.7255
22232.3165
22238.245
22238.395
22239.97
22240.8855
22241.934
22242.8715
22243.9015
22245.724
22246.298
22246.9025
22247.165
22248.6265
22251.248
22251.3645
22252.537
22252.5685
22253.035
22256.0305
22256.833
22257.084
22257.1945
22257.959
22259.174
22262.8735
22263.115
22264.3465
22265.4935
22267.8975
22268.373
22270.1025
22272.8895
22273.692
22275.5335
22275.93
22277.621
22278.004
22278.415
22278.559
22278.5905
22279.1775
22280.3175
22282.8715
22283.903
22284.2495
22284.4865
22285.23
22285.3495
22286.6775
22287.4685
22287.868
22288.064
22289.595
22289.7655
22290
22290.6845
22291.15
22291.7625
22293.757
22298.111
22299.101
22299.206
22299.6035
22301.36
22301.413
22304.211
22304.811
22304.972
22309.4205
22311.884
22314.6385
22314.858
22315.103
22315.106
22316.303
22319.037
22320.818
22325.2225
22328.5045
22329.6785
22329.879
22330.735
22331.7025
22331.9775
22332.919
22333.2075
22334.572
22339.3205
22339.6815
22341.102
22341.919
22342.3345
22343.319
22344.393
22347.191
22347.5605
22348.965
22350.6895
22353.2245
22354.303
22355.2465
22356.2705
22356.3275
22357.6505
22357.678
22359.1145
22359.8635
22360.316
22360.3945
22361.0965
22361.5025
22365.1615
22367.434
22370.3575
22370.373
22370.4635
22371.069
22371.5465
22372.9985
22373.2435
22374.7935
22376.0975
22378.802
22380.887
22381.223
22382.7025
22389.102
22389.1805
22389.2195
22390.4685
22393.081
22394.1785
22395.722
22396.6655
22396.737
22398.3095
22401.686
22402.1995
22404.66
22405.727
22406.024
22406.6335
22409.9485
22410.743
22411.064
22411.111
22411.8965
22415.2655
22415.813
22417.6255
22418.3435
22420.226
22421.022
22427.1055
22427.1805
22428.1265
22428.7515
22430.0445
22430.253
22431.3315
22434.187
22435.85
22436.1495
22436.477
22440.272
22442.1595
22443.996
22444.6255
22445.182
22446.7865
22447.559
22448.7795
22451.1435
22453.058
22454.9645
22455.1085
22455.961
22456.065
22457.509
22459.2235
22459.483
22460.052
22460.32
22460.7495
22462.4615
22462.504
22462.66
22465.07
22467.7015
22470.0805
22471.783
22473.787
22473.981
22475.207
22475.424
22476.781
22477.661
22477.915
22480.4835
22482.8915
22482.893
22485.347
22485.3765
22485.633
22486.12
22486.979
22487.632
22488.126
22490.4325
22490.957
22494.2455
22494.8515
22498.1465
22500.3345
22501.674
22504.232
22505.383
22506.4345
22506.9855
22508.5515
22509.0475
22509.8395
22510.4465
22511.2575
22513.667
22517.384
22519.6445
22525.51
22525.7115
22526.4675
22528.392
22529.3095
22530.617
22531.523
22532.315
22532.587
22533.2855
22533.5875
22535.3145
22537.778
22537.9395
22543.324
22543.4075
22543.9855
22544.1
22545.684
22549.0735
22549.1995
22550.059
22550.8165
22551.0495
22552.896
22553.6595
22553.783
22553.887
22557.214
22560.35
22561.5495
22562.1415
22565.8295
22566.237
22566.6185
22566.9385
22567.734
22568.5185
22570.8895
22571.158
22572.195
22575.837
22576.7105
22578.946
22578.96
22578.9605
22580.3455
22582.392
22582.7185
22582.9595
22585.1375
22587.577
22587.678
22588.7195
22588.763
22591.1425
22594.1315
22595.604
22596.119
22596.4055
22598.181
22600.072
22604.2155
22604.7765
22606.6375
22611.409
22612.899
22613.241
22616.1835
22616.369
22616.666
22617.4405
22618.7585
22619.0425
22620.392
22620.993
22622.719
22622.779
22622.847
22622.9285
22624.2255
22625.5845
22626.6925
22629.2525
22629.3265
22630.156
22630.171
22632.818
22633.1235
22633.387
22633.9535
22636.29
22637.2985
22637.912
22639.027
22639.0305
22639.1405
22639.6605
22641.23
22641.3855
22641.624
22643.9245
22644.897
22648.972
22653.2205
22653.7745
22653.968
22655.8145
22657.6515
22658.884
22659.212
22660.9035
22663.82
22663.984
22670.07
22670.1925
22670.3375
22672.9295
22673.9045
22676.275
22677.9075
22678.364
22679.943
22680.4435
22680.591
22681.049
22682.6335
22683.7995
22684.9115
22688.3195
22689.5285
22690.301
22690.8065
22690.932
22693.216
22698.287
22699.4515
22699.536
22700.8085
22700.9445
22701.983
22702.574
22703.9615
22704.678
22707.579
22708.1
22708.9365
22708.9395
22709.6165
22710.7995
22713.9315
22713.9925
22715.1415
22715.619
22715.6575
22715.954
22717.5105
22719.311
22721.3205
22721.337
22721.7095
22722.784
22728.8575
22730.5545
22731.097
22731.2935
22731.967
22732.1625
22732.467
22735.8715
22743.6235
22745.2315
22745.824
22746.247
22748.6005
22748.7905
22751.035
22753.1105
22753.434
22755.2205
22756.995
22757.4715
22762.453
22763.004
22765.4725
22766.737
22768.661
22769.982
22771.8175
22772.0575
22772.111
22774.6035
22774.926
22775.555
22776.0435
22776.417
22777.6515
22778.9335
22779.324
22779.977
22780.086
22781.032
22782.871
22785.828
22786.2165
22786.6175
22790.1635
22790.2415
22791.404
22791.5195
22792.54
22796.1685
22796.8895
22797.116
22799.6685
22801.1625
22803.31
22803.44
22803.5045
22807.9575
22809.687
22810.2145
22810.4275
22811.968
22812.6845
22813.398
22813.7795
22815.994
22821.2425
22825.8355
22829.4565
22830.6795
22832.856
22834.166
22835.908
22838.257
22838.58
22840.5755
22841.926
22841.9375
22842.8335
22845.2635
22845.7865
22849.4275
22849.924
22850.9135
22852.6455
22852.681
22853.2055
22853.5725
22856.4905
22856.5725
22858.266
22858.392
22859.0245
22861.2175
22862.086
22862.093
22863.1175
22863.8915
22865.405
22866.4745
22866.6805
22868.389
22868.5865
22868.8165
22870.0635
22870.1465
22873.67
22873.685
22877.4655
22878.191
22881.557
22882.2655
22883.5175
22884.5975
22886.739
22886.944
22887.609
22888.5905
22889.8105
22890.0365
22890.489
22892.0825
22892.7935
22895.1015
22896.09
22896.364
22898.233
22898.5875
22898.769
22899.3305
22901.0095
22903.3705
22904.8405
22905.042
22905.632
22905.848
22907.8295
22908.2625
22908.6625
22908.6655
22910.506
22910.8155
22913.0355
22914.195
22915.499
22917.864
22919.2315
22923.379
22925.0135
22925.536
22925.537
22926.2845
22927.8435
22929.2665
22930.0125
22931.1075
22931.385
22931.7715
22933.988
22934.404
22937.216
22937.623
22938.7975
22940.29
22942.741
22942.943
22945.292
22946.5485
22947.0465
22947.208
22948.815
22952.224
22954.6605
22954.7715
22956.568
22956.8995
22957.5395
22958.668
22959.5115
22959.8475
22960.753
22960.831
22961.23
22962.806
22964.2315
22965.114
22965.8975
22967.647
22968.0195
22970.4445
22974.7715
22975.6895
22976.448
22977.2265
22977.261
22982.232
22984.5515
22984.592
22984.9615
22985.737
22985.8885
22986.2105
22986.6355
22987.305
22987.724
22990.0165
22990.432
22992.626
22994.3615
22996.066
22996.5
22997.294
23000.167
23000.4295
23000.571
23001.0965
23002.3035
23002.424
23003.3545
23003.8895
23004.8485
23006.5565
23006.754
23014.3115
23015.0745
23016.112
23016.628
23017.3605
23018.205
23018.2695
23019.662
23020.62
23020.694
23022.6675
23023.0915
23023.345
23025.46
23026.3335
23026.666
23027.9295
23028.1935
23028.268
23029.4895
23029.502
23029.952
23030.2
23030.476
23030.9835
23031.166
23031.322
23035.3615
23035.7715
23036.5325
23039.869
23040.1445
23040.941
23040.9605
23047.8885
23048.451
23049.2395
23050.4685
23051.6045
23052.6735
23052.797
23053.0945
23056.478
23056.95
23057.65
23057.7165
23057.8325
23058.8285
23059.2675
23060.53
23061.3405
23061.4355
23061.4885
23068.8245
23069.2225
23072.702
23073.076
23075.865
23077.884
23078.532
23078.883
23080.769
23083.53
23084.1895
23085.244
23086.581
23087.222
23087.8155
23088.315
23088.369
23089.8725
23089.9275
23090.529
23091.4775
23093.0495
23093.532
23096.531
23098.136
23099.224
23099.4875
23103.201
23103.9465
23104.9595
23105.6125
23106.977
23107.0525
23107.666
23108.3195
23108.8385
23110.4365
23112.049
23115.2275
23115.698
23117.1825
23120.0695
23121.203
23123.2405
23123.458
23123.6915
23124.6035
23128.005
23130.094
23131.906
23132.891
23133.9965
23136.0525
23137.275
23138.312
23138.4655
23138.7595
23141.748
23144.693
23146.9785
23147.5075
23150.3075
23150.3685
23150.861
23151.2075
23153.6815
23155.5315
23157.9885
23160.8685
23161.2315
23162.474
23162.7385
23163.8855
23165.3685
23166.561
23166.801
23166.9615
23167.5385
23170.107
23170.969
23170.9815
23171.3635
23172.1645
23172.991
23173.3505
23173.5525
23174.1885
23177.504
23179.4145
23181.206
23181.3
23181.3045
23183.2885
23183.9435
23184.2365
23184.33
23184.72
23186.085
23186.1575
23186.3435
23186.583
23187.0905
23188.0375
23189.3185
23190.031
23191.014
23193.043
23193.8205
23194.791
23196.3425
23197.388
23197.872
23199.176
23201.039
23201.1085
23201.213
23201.5745
23202.0025
23203.6575
23204.754
23208.0685
23208.0925
23208.7305
23209.102
23209.605
23209.7785
23211.5465
23213.669
23215.3735
23216.039
23216.8855
23218.1875
23219.2145
23219.6345
23221.3335
23222.895
23223.794
23224.4395
23225.5585
23226.708
23228.469
23228.658
23228.8405
23229.7325
23230.306
23230.3365
23231.1675
23231.298
23231.596
23233.438
23233.6715
23233.863
23235.902
23236.951
23237.562
23238.179
23239.7225
23239.786
23240.788
23242.412
23242.948
23244.209
23246.2525
23247.5025
23248.6595
23251.0885
23251.204
23257.375
23258.579
23259.5075
23259.5475
23259.865
23260.057
23260.6015
23264.1195
23265.5555
23267.542
23267.561
23268.497
23269.398
23274.508
23275.4215
23277.743
23280.5615
23281.9705
23283.392
23283.49
23284.1325
23285.3005
23285.6745
23285.8455
23286.2965
23286.855
23289.0625
23289.3925
23290.3995
23290.562
23290.687
23291.9935
23293.696
23293.9185
23295.2655
23295.4765
23296.2215
23296.316
23297.4445
23301.8375
23303.524
23303.8325
23304.5585
23305.339
23305.3625
23306.704
23306.8875
23308.43
23310.3415
23310.347
23310.39
23311.1195
23314.7615
23315.3525
23315.919
23316.0545
23316.4365
23316.468
23316.7545
23316.9585
23317.4605
23317.599
23318.4775
23318.4955
23320.058
23320.3485
23321.3105
23324.0235
23324.8125
23327.727
23328.1965
23333.274
23334.2305
23340.1225
23341.0125
23341.236
23341.9755
23342.287
23342.55
23342.9005
23344.4285
23344.813
23344.9495
23346.813
23347.853
23347.9135
23349.32
23349.7105
23350.778
23350.89
23351.434
23354.6635
23355.2695
23356.9575
23357.048
23361.4945
23363.9345
23364.858
23368.367
23370.2835
23372.2545
23372.642
23372.6675
23375.049
23376.0815
23376.1395
23377.3895
23378.6565
23379.6615
23379.731
23381.7225
23381.981
23383.15
23384.1965
23385.1595
23385.5895
23386.578
23387.2905
23387.323
23389.854
23390.66
23391.417
23392.5545
23392.9575
23393.5345
23394.6595
23395.4045
23395.6045
23396.4965
23397.684
23398.3685
23398.7505
23399.2275
23400.647
23400.9785
23401.516
23401.844
23402.6435
23403.6525
23404.2715
23405.0515
23406.2125
23408.0145
23409.8505
23410.5725
23411.1975
23411.51
23411.9885
23413.8985
23416.5305
23416.575
23416.7255
23417.0125
23417.2755
23420.549
23420.8675
23423.473
23423.6975
23429.223
23429.4445
23430.7075
23433.337
23434.3765
23434.664
23435.0975
23436.3365
23438.095
23440.4135
23442.2565
23443.9225
23444.4665
23445.46
23445.7345
23446.7465
23447.7695
23450.0675
23450.0965
23450.6545
23451.04
23451.279
23454.9335
23455.2175
23455.441
23455.724
23455.93
23457.9705
23459.827
23461.7055
23462.105
23463.233
23463.5115
23464.008
23464.4505
23464.514
23464.7415
23467.6635
23470.3055
23471.61
23472.6965
23472.825
23473.1935
23473.954
23474.5845
23474.9165
23475.219
23475.5885
23475.88
23480.315
23481.0835
23485.821
23487.243
23487.408
23487.521
23488.712
23488.918
23489.0335
23490.5965
23490.9205
23491.888
23492.14
23493.1065
23497.4195
23497.954
23498.201
23502.9655
23507.2055
23508.5185
23508.7805
23511.7705
23513.512
23513.835
23513.8445
23514.456
23515.0825
23515.7535
23516.138
23516.5635
23518.9455
23519.2775
23519.7505
23520.2055
23522.7075
23523.0215
23524.631
23524.69
23526.262
23527.83
23528.253
23530.288
23530.9565
23531.467
23532.1015
23535.495
23536.5005
23536.9765
23539.0945
23543.8345
23545.5665
23545.9055
23546.8525
23549.3875
23549.939
23550.442
23551.884
23553.109
23553.1275
23554.2425
23558.064
23558.979
23563.2265
23565.243
23565.403
23568.2665
23568.649
23568.805
23568.821
23569.103
23569.713
23570.661
23572.335
23572.74
23573.61
23575.2865
23575.6675
23576.0615
23576.141
23577.397
23577.592
23579.816
23582.522
23582.69
23583.4035
23584.0565
23584.827
23585.381
23588.1345
23589.9495
23590.967
23592.472
23594.2395
23594.521
23596.2445
23596.512
23598.8385
23599.138
23600.964
23600.9645
23601.291
23601.9925
23602.584
23603.6425
23606.3705
23606.9025
23608.612
23608.859
23609.443
23609.819
23612.7855
23612.795
23612.944
23613.32
23614.3225
23614.838
23615.0855
23615.2735
23616.397
23616.9
23616.9305
23617.3155
23618.856
23619.2925
23619.8545
23621.1565
23622.427
23623.4185
23625.9265
23626.2555
23626.84
23627.0875
23627.0995
23627.9995
23629.158
23633.383
23633.7105
23635.6765
23637.001
23638.0155
23638.0825
23640.8415
23643.4665
23643.536
23645.3315
23647.2775
23652.3545
23652.701
23653.45
23653.937
23654.861
23656.375
23657.0745
23657.902
23662.1245
23662.2885
23662.4815
23663.2155
23666.0315
23667.9775
23669.9365
23671.125
23672.1155
23674.314
23675.25
23676.006
23677.546
23678.3985
23678.448
23678.752
23681.282
23681.452
23682.0705
23684.472
23684.6665
23685.3165
23685.37
23685.419
23686.7385
23687.65
23693.1715
23696.1925
23696.57
23699.4805
23701.8775
23702.0565
23704.68
23705.5315
23705.9035
23707.725
23708.415
23710.424
23711.2685
23711.6625
23712.147
23712.752
23712.963
23713.14
23714.627
23714.745
23716.8385
23717.034
23718.978
23719.4975
23719.5435
23719.6745
23720.007
23720.259
23722.2935
23722.6135
23723.264
23723.2745
23723.4875
23725.97
23727.02
23727.6935
23730.764
23731.3825
23732.5595
23732.5805
23733.9135
23735.5735
23735.992
23736.741
23737.6465
23737.7905
23738.363
23738.527
23738.8455
23740.4375
23740.9705
23742.704
23744.2715
23744.6345
23747.171
23747.341
23747.5145
23753.128
23753.631
23754.8335
23755.8215
23757.522
23761.6125
23762.9425
23763.3615
23766.0435
23766.865
23767.4155
23769.528
23771.0785
23771.7335
23772.142
23773.6085
23776.26
23777.955
23778.137
23779.151
23780.937
23781.04
23781.1885
23782.3085
23785.048
23786.231
23787.925
23788.3195
23788.812
23789.461
23790.3825
23791.0995
23793.3735
23794.9115
23795.246
23795.3905
23796.7985
23796.823
23797.7915
23798.7415
23799.498
23800.7915
23802
23802.203
23802.621
23803.567
23804.2985
23805.399
23805.5545
23805.676
23806.5525
23807.4045
23808.794
23810.2535
23812.525
23813.033
23815.375
23816.129
23816.2305
23816.8615
23817.5355
23819.713
23820.828
23821.5165
23822.3655
23826.3625
23828.3105
23828.398
23829.932
23830.6165
23831.1825
23832.745
23832.7985
23835.757
23836.156
23836.436
23837.672
23837.908
23838.628
23838.7525
23840.878
23841.3825
23841.5675
23842.3315
23845.3055
23845.3305
23846.5215
23846.9435
23848.29
23849.152
23851.016
23851.165
23851.4085
23852.3485
23853.179
23854.3585
23856.1475
23858.328
23860.7875
23864.9615
23865.0855
23865.4295
23866.0565
23867.0175
23867.423
23871.882
23872.461
23872.6535
23872.712
23873.9215
23874.3655
23875.662
23877.6295
23878.2955
23879.9265
23880.109
23881.526
23883.4575
23884.697
23888.565
23889.5915
23890.706
23890.856
23891.6965
23892.016
23892.744
23893.572
23894.8775
23896.1795
23896.5055
23898.161
23898.5095
23899.3725
23901.3415
23906.9125
23907.3025
23910.005
23913.047
23913.6815
23914.1975
23914.373
23914.4965
23916.1075
23916.371
23917.35
23917.687
23918.004
23918.1985
23919.0485
23922.8255
23923.953
23924.0525
23926.724
23928.979
23930.6685
23931.0445
23932.557
23932.7145
23934.0225
23934.0795
23935.121
23935.3605
23936.278
23936.742
23937.6095
23937.804
23938.5735
23940.297
23943.1545
23944.0145
23944.421
23947.4345
23947.8835
23949.446
23949.487
23950.4495
23951.374
23951.7565
23951.965
23952.6795
23955.2215
23955.8165
23958.094
23959.546
23960.025
23960.9185
23961.5145
23962.509
23962.729
23964.1185
23964.3595
23964.5545
23965.4265
23967.198
23967.838
23968.2985
23969.029
23969.6315
23970.4755
23971.921
23972.465
23973.532
23974.036
23976.381
23976.5865
23976.813
23977.505
23977.955
23980.143
23980.806
23982.2755
23982.9275
23984.501
23986.564
23987.006
23987.634
23987.7685
23987.8955
23988.171
23988.229
23988.4835
23988.5005
23988.9515
23990.248
23991.8815
23992.508
23992.642
23993.5175
23994.6215
23994.891
23995.02
23997.4165
23997.943
23998.204
23998.246
23998.2705
23999.348
24000.2495
24000.3485
24000.792
24001.1395
24004.3285
24005.1205
24005.4075
24006.605
24007.8535
24008.2305
24008.735
24009.65
24010.924
24011.551
24012.8945
24014.1755
24014.4135
24015.7825
24015.991
24016.333
24017.237
24017.962
24020.854
24021.18
24021.727
24022.382
24023.1245
24023.657
24024.71
24024.9125
24027.145
24027.9975
24028.7285
24029.244
24030.0865
24031.001
24032.8475
24033.682
24033.9405
24034.686
24038.6525
24039.613
24040.3255
24040.382
24042.171
24043.1635
24043.518
24046.3825
24046.959
24048.944
24049.497
24049.665
24049.813
24050.1535
24050.322
24050.815
24051.086
24051.2665
24052.467
24053.217
24053.8585
24054.0925
24055.104
24057.3505
24057.457
24058.559
24058.7225
24059.1025
24059.3435
24061.485
24062.0865
24066.0965
24067.2365
24067.342
24067.8505
24069.6115
24071.345
24072.661
24073.9205
24077.5965
24078.6705
24079.1845
24080.4265
24081.699
24082.328
24082.8545
24084.9735
24085.4895
24085.9375
24086.379
24086.5615
24087.147
24089.139
24089.279
24089.9755
24090.659
24093.4905
24094.309
24094.391
24095.096
24096.1725
24096.371
24096.8115
24099.2925
24101.6
24101.626
24102.2145
24102.9375
24103.9915
24109.534
24110.977
24113.035
24113.2155
24113.9845
24116.258
24116.9755
24117.1785
24118.1215
24118.4975
24118.57
24119.2685
24119.653
24120.026
24120.4225
24120.553
24122.67
24122.784
24123.2285
24123.2985
24124.735
24125.3935
24126.2635
24126.624
24127.499
24128.0685
24133.246
24134.5825
24134.7455
24134.825
24135.3885
24138.796
24141.3405
24142.551
24142.643
24142.768
24144.374
24145.147
24145.4945
24146.938
24147.025
24147.948
24148.1405
24148.36
24149.129
24149.6495
24150.435
24151.7365
24152.7285
24153.375
24154.038
24154.309
24154.5395
24154.6595
24155.983
24156.4795
24157.6655
24158.041
24158.2515
24161.2085
24163.809
24164.1855
24165.678
24167.504
24167.7245
24168.188
24169.5855
24169.728
24171.586
24172.063
24174.993
24175.377
24176.414
24177.5965
24180.3205
24181.3785
24183.6255
24184.276
24184.6675
24185.095
24185.1605
24185.8905
24187.232
24187.2865
24187.9615
24188.6935
24195.4455
24195.6195
24196.164
24196.4055
24196.4135
24198.052
24203.292
24204.345
24204.7475
24205.1735
24208.778
24208.9495
24211.298
24211.886
24211.8925
24213.8695
24214.57
24216.071
24216.27
24217.646
24218.0475
24220.3655
24221.1745
24221.9625
24225.973
24225.9955
24226.9405
24227.6935
24227.7055
24227.914
24228.4545
24230.447
24232.5495
24233.6005
24234.7335
24235.761
24238.015
24238.6225
24240.729
24241.725
24244.9215
24249.251
24250.174
24251.467
24252.0475
24253.07
24254.852
24258.866
24259.3095
24260.376
24260.677
24263.5285
24263.6065
24263.672
24264.3135
24268.632
24270.2
24270.495
24271.1005
24271.6395
24271.735
24272.4305
24272.99
24273.8675
24274.955
24275.7195
24276.541
24278.1355
24279.731
24280.445
24280.68
24281.7805
24281.8945
24282.9605
24284.1055
24284.617
24287.453
24290.38
24291.065
24292.435
24293.8755
24302.684
24302.98
24305.049
24305.323
24305.6715
24306.3145
24307.8545
24308.411
24308.579
24309.2325
24311.023
24311.425
24312.1525
24312.6945
24314.4885
24314.6025
24314.604
24315.1025
24315.5795
24316.2845
24316.9055
24319.432
24319.7175
24319.8145
24319.9395
24320.4235
24321.498
24321.5315
24321.6085
24324.1305
24328.022
24329.021
24332.1525
24334.13
24336.5295
24336.7265
24337.6315
24340.136
24342.075
24342.553
24342.854
24343.6825
24343.8115
24344.309
24345.784
24345.8455
24346.049
24349.0815
24349.123
24349.336
24351.131
24352.294
24352.8395
24353.326
24354.2025
24354.2255
24355.2695
24356.4365
24357.593
24358.1245
24359.924
24360.1755
24360.9605
24362.618
24363.421
24363.68
24363.743
24364.6185
24364.892
24365.3705
24365.768
24366.699
24366.9995
24367.9635
24369.6905
24372.0535
24373.338
24374.5915
24375.8595
24376.285
24376.51
24376.8585
24379.169
24379.191
24379.8125
24381.306
24383.4065
24383.907
24385.2125
24385.218
24385.8005
24386.646
24387.111
24387.942
24388.681
24388.7475
24390.064
24391.66
24392.347
24392.563
24394.1765
24394.8205
24395.297
24397.275
24397.399
24398.4815
24399.546
24401.22
24401.324
24402.163
24404.9295
24405.6425
24405.82
24407.937
24408.036
24408.88
24409.1935
24409.7915
24410.2355
24411.024
24413.0605
24414.7395
24414.892
24422.0155
24423.8555
24426.362
24426.668
24428.6175
24429.9995
24432.131
24432.5495
24432.924
24436.338
24438.022
24438.698
24439.726
24440.2355
24441.8915
24442.2805
24442.333
24444.452
24444.505
24448.0595
24448.882
24448.94
24449.2605
24450.068
24450.2035
24450.4055
24451.134
24451.1605
24451.5375
24452.072
24452.2675
24452.3625
24452.7265
24453.3195
24454.006
24454.166
24456.684
24458.4275
24459.3935
24460.601
24461.4035
24463.686
24463.762
24464.489
24466.9455
24467.049
24468.463
24468.697
24469.0085
24472.4005
24474.649
24476.0515
24476.1705
24476.2605
24476.801
24481.547
24483.2555
24485.646
24485.9145
24487.3515
24487.8295
24489.8985
24490.429
24490.979
24494.09
24496.0925
24496.5155
24497.0445
24497.984
24499.542
24499.5985
24500.168
24500.789
24501.4515
24501.574
24501.8185
24502.3455
24502.619
24503.6885
24504.4075
24505.0555
24505.567
24505.8465
24505.9225
24507.599
24508.8335
24511.095
24511.352
24511.4795
24511.9635
24512.165
24512.1935
24512.382
24516.0565
24516.8515
24517.235
24518.6835
24519.2115
24519.343
24519.421
24520.628
24521.817
24521.9065
24522.215
24524.2575
24525.1105
24525.473
24525.9935
24526.816
24527.791
24527.9245
24529.01
24529.338
24529.39
24530.358
24531.486
24532.6105
24533.2155
24535.172
24536.3885
24538.025
24540.8785
24541.1175
24541.6415
24543.275
24543.4565
24543.49
24544.79
24545.8525
24546.4825
24546.877
24548.8185
24549.0695
24549.8795
24550.5185
24552.0825
24552.645
24553.8105
24553.89
24555.6735
24555.68
24555.8055
24556.052
24556.88
24558.365
24562.0665
24562.8375
24565.148
24566.418
24570.4815
24571.0295
24573.499
24573.676
24574.0585
24574.392
24575.024
24575.1285
24575.3695
24579.492
24581.401
24581.474
24581.601
24582.237
24582.421
24582.7835
24583.061
24584.317
24584.437
24585.6405
24589.296
24590.905
24591.5805
24592.208
24593.2135
24594.4325
24596.825
24600.2975
24600.884
24606.2075
24607.087
24607.688
24609.632
24609.78
24610.782
24611.002
24613.1495
24613.185
24613.4585
24613.7325
24614.443
24616.6835
24618.189
24623.927
24624.2575
24625.535
24627.1455
24629.78
24631.086
24634.326
24634.4595
24634.5495
24635.149
24636.0415
24636.5965
24638.61
24639.2615
24640.6885
24641.8065
24642.298
24644.352
24644.7145
24645.3105
24646.0825
24647.142
24647.1465
24648.3445
24649.645
24650.93
24652.3785
24653.3765
24653.529
24654.122
24654.2895
24654.523
24655.9045
24659.7695
24659.806
24660.4925
24661.0375
24661.675
24667.6815
24667.786
24667.8685
24670.682
24672.506
24672.9915
24673.179
24674.644
24676.062
24676.8845
24677.0195
24677.1925
24679.953
24680.9725
24682.2655
24684.9435
24685.4235
24685.612
24686.28
24687.664
24687.782
24688.643
24689.917
24690.244
24691.213
24691.8275
24691.9975
24693.0295
24693.753
24694.3735
24694.477
24694.586
24695.1935
24695.366
24695.463
24698.0225
24700.9255
24702.5775
24705.632
24706.487
24708.517
24710.799
24712.8505
24715.494
24716.09
24717.083
24717.1775
24720.2735
24720.7225
24720.8455
24723.164
24723.522
24723.817
24725.597
24726.6845
24728.216
24728.9475
24729.3545
24730.036
24731.0935
24734.3475
24734.3815
24735.1025
24738.5185
24738.5965
24739.3005
24739.3015
24739.611
24740.453
24741.5535
24741.8935
24742.262
24743.323
24743.577
24747.144
24748.7485
24749.476
24749.721
24750.961
24752.7955
24753.507
24755.673
24756.6645
24757.0195
24758.4805
24760.982
24762.2985
24762.861
24764.5995
24764.9065
24764.964
24773.5565
24774.051
24776.841
24777.6755
24779.3435
24779.581
24780.651
24786.152
24786.659
24790.834
24791.332
24797.0685
24798.1975
24798.428
24798.9325
24799.4205
24800.0515
24800.4025
24801.004
24802.7035
24804.0145
24805.7105
24807.002
24808.999
24809.77
24810.881
24811.0025
24811.402
24812.7855
24815.4995
24816.2225
24816.2795
24816.6085
24817.475
24818.796
24818.8395
24819.647
24821.032
24821.535
24823.1145
24823.574
24823.585
24824.2345
24827.908
24829.617
24830.115
24830.189
24830.3165
24831.8865
24833.1785
24833.793
24835.716
24835.7565
24836.922
24839.0585
24840.4
24841.2025
24843.0595
24844.6845
24845.324
24845.4425
24845.88
24849.2365
24849.3735
24849.424
24854.358
24854.466
24854.9985
24855.0945
24855.1215
24855.3195
24855.6785
24859.544
24859.61
24860.745
24861.4145
24861.9425
24863.0995
24864.268
24864.655
24865.4605
24867.363
24867.9095
24867.912
24869.0635
24869.144
24869.8925
24869.92
24870.27
24870.847
24873.3005
24873.969
24876.575
24876.937
24879.3825
24879.616
24884.4015
24886.224
24888.643
24889.2565
24889.566
24889.928
24889.9355
24890.476
24891.2845
24891.387
24891.3935
24892.663
24896.148
24896.277
24899.3805
24899.4695
24902.2985
24902.838
24903.27
24904.0095
24905.1345
24905.626
24906.6045
24909.2735
24910.863
24911.1515
24911.422
24914.6655
24915.031
24915.309
24915.735
24918.9645
24920.108
24921.144
24922.071
24924.796
24925.9375
24928.4715
24930.224
24932.2495
24932.295
24933.881
24934.1665
24935.697
24936.7785
24937.0855
24938.956
24940.636
24940.898
24941.3155
24942.0925
24943.4025
24943.741
24948.294
24948.6605
24950.2485
24951.012
24951.8925
24954.1755
24954.4745
24955.0585
24957.512
24958.6505
24958.741
24960.5425
24961.3855
24963.104
24965.405
24965.9675
24966.775
24968.5765
24970.088
24970.7925
24971.263
24972.3525
24975.465
24977.099
24977.7135
24978.882
24978.9375
24979.7265
24980.6215
24980.645
24980.8955
24981.5515
24983.487
24987.927
24989.1715
24991.086
24991.5045
24991.8935
24994.3015
24996.214
24998.07
24998.847
25001.0085
25001.805
25003.681
25013.326
25014.155
25015.033
25016.3155
25017.2475
25017.3785
25018.9445
25019.304
25019.7015
25020.7475
25021.9865
25022.482
25023.289
25027.9935
25029.5485
25032.2945
25032.65
25033.3035
25034.652
25034.821
25035.163
25036.4335
25037.241
25037.3515
25039.9355
25040.179
25040.345
25040.6935
25042.408
25042.6155
25043.931
25045.345
25046.295
25047.1655
25047.9835
25050.9075
25052.0295
25052.362
25054.148
25057.978
25058.1545
25059.7635
25060.1755
25060.6805
25063.7705
25064.4475
25064.494
25065.6575
25065.846
25066.0145
25068.47
25069.0955
25069.4655
25070.5945
25071.394
25071.579
25071.665
25071.8785
25073.097
25073.877
25073.977
25074.1205
25074.4295
25074.8605
25079.482
25080.036
25081.6265
25085.9235
25085.9725
25086.911
25093.856
25094.229
25094.8835
25095.642
25097.186
25101.171
25105.478
25107.7545
25108.971
25109.455
25109.601
25110.527
25111.3525
25112.017
25113.6915
25113.9985
25115.2575
25115.696
25117.7075
25117.785
25118.494
25118.507
25121.16
25121.4135
25121.6455
25122.0685
25122.2605
25122.6015
25123.534
25123.619
25123.996
25126.62
25129.026
25135.0065
25135.29
25137.5345
25138.1665
25138.3665
25138.4495
25138.5375
25139.7405
25142.028
25142.4035
25142.4825
25143.1315
25143.154
25143.9435
25145.711
25145.8605
25148.215
25151.9345
25153.0435
25153.4125
25153.8835
25154.531
25154.973
25155.5755
25157.0435
25157.2465
25157.571
25157.5985
25158.4605
25158.93
25159.225
25160.151
25160.5055
25160.72
25160.8945
25162.47
25165.831
25166.421
25166.4405
25168.953
25169.9155
25170.4815
25172.022
25172.617
25172.8005
25172.9885
25174.6435
25176.096
25177.993
25180.1135
25180.8755
25182.887
25182.937
25184.1885
25187.0525
25188.525
25188.7755
25189.5315
25191.177
25191.4695
25191.8915
25192.068
25192.082
25192.3295
25192.485
25196.2455
25196.555
25198.093
25199.094
25199.286
25201.374
25205.2655
25207.3145
25209.1595
25211.0125
25211.0145
25213.4915
25213.577
25214.262
25215.4395
25216.269
25216.274
25216.2985
25216.5895
25217.057
25217.271
25220.8245
25223.881
25225.244
25226.4855
25226.7705
25228.462
25229.747
25230.829
25231.2095
25232.0575
25232.645
25232.89
25234.658
25235.035
25239.275
25239.489
25244.2875
25246.018
25247.6305
25247.969
25248.251
25250.8925
25253.119
25253.41
25254.514
25255.1055
25255.2735
25255.4775
25255.6585
25256.1955
25256.385
25257.8775
25258.421
25259.7845
25265.3375
25267.6715
25267.862
25269.662
25271.6115
25272.689
25273.902
25274.747
25275.643
25275.962
25278.538
25278.7875
25279.205
25280.9825
25281.1995
25281.28
25281.924
25282.923
25283.1275
25285.028
25285.784
25287.5505
25288.8575
25288.95
25289.543
25293.676
25295.356
25295.991
25297.1845
25299.109
25300.3355
25302.643
25302.7475
25303.8195
25304.199
25306.1005
25306.23
25309.082
25309.9895
25311.771
25317.589
25319.7505
25323.523
25324.09
25326.6175
25326.8895
25327.041
25328.1505
25328.5865
25329.6465
25330.5995
25330.9835
25334.8945
25337.7715
25342.2085
25343.4215
25345.9705
25346.209
25347.68
25347.973
25351.887
25352.0455
25352.5525
25352.9305
25355.96
25356.3675
25356.44
25359.285
25359.406
25360.608
25361.889
25366.6095
25367.0955
25368.1235
25368.44
25368.615
25368.822
25368.953
25369.512
25371.478
25371.9205
25375.04
25378.108
25378.4615
25379.505
25381.339
25381.542
25382.844
25382.87
25383.1525
25385.6165
25387.9845
25388.256
25388.447
25390.825
25391.7335
25392.929
25394.4815
25397.3805
25398.168
25398.8165
25399.148
25403.797
25404.2725
25406.3255
25406.8585
25406.899
25408.32
25409.139
25410.9665
25412.032
25413.0025
25418.0555
25419.4935
25419.5505
25419.973
25421.858
25421.86
25426.825
25429.6175
25430.012
25430.5385
25433.872
25435.599
25436.981
25437.7205
25442.109
25442.335
25442.896
25442.995
25443.7755
25443.83
25444.038
25444.1815
25444.2255
25445.7645
25447.0125
25448.1785
25448.6145
25448.6485
25448.852
25449.352
25450.695
25451.062
25451.2725
25453.41
25454.736
25455.173
25457.802
25458.776
25460.754
25461.111
25461.267
25461.3015
25462.744
25463.4
25465.644
25466.848
25468.088
25468.552
25472.59
25472.907
25474.0255
25474.794
25475.763
25477.312
25478.524
25479.2455
25480.207
25481.108
25481.856
25484.5175
25484.775
25491.8105
25493.94
25499.005
25499.723
25499.957
25500.702
25502.806
25503.029
25503.063
25503.439
25504.379
25505.172
25505.299
25506.594
25507.8615
25508.594
25510.107
25510.162
25510.836
25511.824
25513.476
25516.433
25517.578
25518.496
25519.335
25519.749
25521.068
25521.603
25524.108
25526.256
25527.791
25527.883
25529.327
25531.241
25531.267
25531.991
25533.246
25539.588
25540.209
25540.319
25542.294
25544.278
25544.358
25545.878
25546.529
25547.058
25547.831
25548.057
25548.449
25548.92
25551.604
25553.753
25553.913
25555.619
25556.767
25556.96
25557.446
25558.961
25559.346
25561.129
25563.139
25563.316
25563.635
25564.164
25564.905
25567.465
25567.9
25568.919
25569.194
25569.913
25571.809
25572.384
25573.122
25576.273
25576.411
25578.574
25578.998
25580.125
25584.633
25586.103
25587.913
25588.865
25589.602
25589.886
25591.276
25592.403
25593.105
25594.459
25594.93
25596.791
25598.188
25602.241
25602.243
25604.606
25605.555
25606.779
25608.547
25611.69
25613.457
25616.976
25617.689
25620.804
25623.347
25628.725
25630.351
25631.341
25631.435
25633.065
25633.451
25636.293
25637.685
25638.413
25638.53
25638.595
25641.012
25641.525
25642.552
25644.865
25645.095
25645.328
25646.35
25646.921
25647.14
25647.148
25648.399
25649.651
25653.011
25654.434
25655
25655.393
25655.444
25656.07
25656.294
25661.888
25665.031
25668.042
25668.442
25671.765
25671.928
25675.85
25676.104
25679.449
25680.475
25681.797
25685.688
25685.724
25686.03
25686.399
25688.094
25688.632
25689.189
25689.564
25692.436
25693.461
25701.275
25702.259
25703.108
25703.884
25708.684
25709.122
25709.193
25715.743
25717.019
25721.759
25721.772
25722.353
25722.629
25722.725
25724.762
25725.362
25725.462
25725.859
25726.884
25728.179
25728.348
25730.554
25731.065
25735.006
25738.642
25741.087
25745.501
25745.9
25746.99
25748.386
25750.197
25750.965
25752.304
25752.687
25753.102
25754.17
25755.946
25756.34
25758.978
25760.276
25761.023
25762.517
25763.523
25765.587
25771.078
25772.26
25773.096
25773.308
25775.585
25776.061
25776.497
25779.868
25780.391
25782.441
25782.75
25783.927
25785.843
25786.816
25786.996
25787.857
25788.009
25788.775
25791.815
25793.829
25797.574
25798.771
25799.622
25801.176
25803.617
25806.944
25808.817
25812.029
25813.043
25813.459
25816.322
25821.021
25822.86
25823.131
25823.617
25823.699
25824.485
25825.079
25829.254
25829.269
25829.28
25829.6
25830.06
25830.97
25831.662
25832.676
25835.068
25838.307
25838.739
25838.744
25839.042
25839.988
25840.391
25841.412
25842.272
25844.426
25844.433
25845.034
25845.269
25849.374
25852.052
25853.7
25857.179
25858.04
25859.615
25860.299
25863.759
25864.055
25866.505
25867.444
25867.547
25868.591
25871.688
25871.836
25872.884
25875.421
25875.903
25880.31
25880.345
25882
25882.182
25883.64
25884.311
25889.743
25892.633
25894.456
25894.589
25895.642
25895.697
25896.31
25899.25
25899.764
25900.073
25900.486
25902.465
25903.021
25906.863
25909.057
25911.556
25912.454
25917.055
25918.531
25919.192
25919.731
25920.094
25922.579
25923.208
25923.226
25923.557
25925.505
25926.409
25927.925
25928.573
25929.743
25932.28
25933.478
25934.517
25934.901
25936.059
25936.082
25937.342
25937.394
25938.565
25940.876
25941.206
25942.95
25943.263
25944.221
25946.39
25947.295
25950.152
25951.019
25951.908
25952.169
25952.665
25952.888
25954.854
25957.033
25959.203
25960.468
25960.505
25964.524
25967.44
25969.998
25971.973
25974.786
25975.762
25976.011
25978.328
25981.216
25987.376
25987.403
25992.463
25995.806
25998.343
25999.378
26000.104
26001.074
26001.189
26002.403
26003.34
26003.648
26004.047
26005.214
26005.3
26008.404
26009.702
26009.756
26010.204
26010.658
26011.092
26011.188
26012.399
26013.203
26015.817
26017.944
26018.185
26018.791
26021.203
26024.629
26025.496
26026.452
26033.88
26034.457
26035.441
26036.011
26036.33
26037.184
26038.064
26038.621
26041.791
26042.717
26043.006
26043.941
26044.666
26047.6
26049.13
26050.414
26054.572
26054.814
26055.291
26056.637
26060.522
26061.852
26062.276
26062.729
26065.511
26067.957
26069.481
26070.009
26070.307
26073.924
26076.728
26080.766
26083.713
26083.716
26083.733
26089.309
26090.349
26091.951
26093.693
26097.591
26097.764
26101.032
26102.215
26103.663
26105.193
26108.279
26108.406
26108.932
26109.418
26116.271
26117.481
26118.448
26119.488
26120.985
26122.517
26123.423
26125.29
26125.39
26125.714
26126.727
26127.718
26132.265
26132.407
26133.021
26133.188
26138.693
26142.334
26144.187
26146.863
26148.739
26151.522
26152.238
26154.347
26156.644
26160.034
26172.55
26174.601
26176.209
26176.793
26179.243
26179.811
26180.262
26181.271
26182.74
26183.569
26188.206
26188.282
26190.35
26190.588
26191.257
26191.505
26192.386
26193.102
26197.291
26199.325
26202.609
26208.116
26212.368
26214.714
26214.986
26216.464
26217.153
26222.609
26225.404
26226.463
26226.794
26227.228
26228.506
26229.825
26230.327
26231.501
26232.576
26233.126
26238.538
26241.632
26247.102
26247.586
26247.971
26257.892
26263.465
26265.674
26266.921
26271.144
26271.984
26277.013
26278.85
26281.218
26283.501
26285.799
26286.273
26288.885
26289.986
26291.62
26292.372
26295.773
26297.315
26299.042
26301.396
26301.513
26303.682
26303.824
26304.721
26307.183
26308.341
26309.728
26310.89
26311.533
26314.866
26315.381
26315.866
26318.228
26319.674
26323.336
26324.033
26324.571
26324.912
26325.5
26326.459
26327.167
26328.816
26333.258
26334.816
26335.631
26338.086
26338.239
26338.728
26340.644
26340.983
26341.437
26343.856
26345.413
26345.901
26346.526
26347.357
26349.213
26350.323
26350.424
26350.906
26359.435
26359.909
26360.944
26361.597
26362.862
26369.198
26369.503
26370.573
26370.825
26372.954
26373.323
26375.413
26376.785
26379.269
26379.898
26380.627
26380.759
26381.094
26381.888
26386.853
26386.977
26388.834
26389.893
26390.532
26394.53
26397.119
26399.913
26400.872
26401.149
26402.473
26403.204
26406.916
26408.107
26410.914
26415.571
26415.927
26417.965
26418.141
26418.271
26418.648
26425.917
26426.934
26427.077
26427.455
26429.847
26434.498
26436.348
26437.125
26437.219
26438.002
26439.463
26439.861
26442.805
26445.472
26445.543
26446.558
26450.982
26452.019
26452.572
26453.948
26455.131
26456.351
26459.75
26460.325
26461.038
26464.843
26466.468
26467.047
26468.334
26472.223
26473.04
26475.455
26477.221
26477.379
26481.32
26482.429
26484.533
26491.29
26496.092
26498.402
26499.923
26500.691
26500.927
26502.249
26502.996
26503.532
26506.232
26508.315
26508.852
26509.816
26513.006
26513.939
26517.521
26523.554
26523.925
26527.907
26531.271
26532.688
26537.594
26541.63
26542.358
26542.772
26543.273
26544.502
26544.916
26545.793
26547.419
26550.756
26553.605
26553.822
26554.233
26556.025
26557.601
26560.893
26565.356
26571.228
26581.664
26583.374
26588.122
26588.994
26589.481
26592.433
26601.032
26603.562
26604.108
26606.003
26609.324
26609.554
26610.642
26611.756
26611.999
26616.97
26619.772
26619.828
26624.928
26625.194
26625.211
26626.157
26627.341
26627.716
26632.255
26633.778
26636.423
26640.391
26642.411
26643.103
26646.29
26646.843
26647.2
26647.558
26649.011
26649.227
26649.36
26649.447
26651.865
26652
26653.74
26660.224
26662.687
26665.552
26665.769
26668.049
26669.194
26671.022
26671.069
26673.293
26674.337
26675.844
26679.035
26680.518
26681.129
26685.572
26688.335
26692.339
26699.594
26701.438
26702.066
26703.528
26703.96
26706.386
26706.961
26707.95
26710.058
26713.712
26715.686
26716.89
26718.506
26719.871
26720.064
26722.598
26729.189
26736.254
26737.347
26737.356
26739.203
26739.462
26739.482
26739.769
26741.008
26741.101
26743.581
26744.264
26746.418
26751.972
26752.693
26756.594
26758.245
26759.318
26759.786
26760.119
26761.402
26761.626
26765.203
26766.225
26766.997
26770.664
26770.994
26771.587
26774.358
26780.201
26785.347
26786.239
26788.826
26789.276
26804.241
26808.938
26809.027
26809.046
26809.815
26810.139
26810.262
26811.109
26812.109
26815.228
26815.717
26817.586
26822.252
26823.187
26823.608
26826.514
26829.66
26832.928
26833.094
26835.672
26838.936
26841.638
26845.24
26850.027
26850.448
26854.129
26855.744
26859.4
26861.082
26866.914
26871.763
26872.517
26872.574
26872.693
26874.325
26875.065
26882.7
26887.341
26890.459
26893.476
26893.694
26894.079
26896.862
26898.103
26904.387
26905.941
26907.347
26908.664
26912.157
26913.832
26913.877
26914.459
26914.531
26918.111
26919.606
26922.029
26924.309
26930.458
26930.957
26932.66
26932.935
26934.653
26939.555
26941.853
26943.665
26945.163
26948.999
26950.565
26950.737
26952.975
26954.963
26957.266
26957.307
26957.864
26958.166
26960.476
26964.525
26965.467
26966.291
26974.812
26976.502
26976.622
26980.98
26981.529
26981.708
26985.048
26986.353
26988.169
26990.681
26990.707
26990.81
26994.139
26994.971
27006.672
27007.238
27009.625
27009.871
27015.353
27016.907
27021.883
27022.641
27025.485
27025.793
27029.693
27031.469
27031.602
27036.466
27036.685
27036.908
27038.43
27040.01
27042.38
27046.006
27046.868
27047.67
27051.657
27059.424
27059.538
27059.619
27061.611
27064.112
27066.224
27068.008
27068.912
27069.611
27071.595
27071.606
27072.445
27076.43
27076.715
27077.263
27085.475
27088.708
27089.822
27092.982
27094.538
27097.411
27097.968
27099.118
27101.145
27105.73
27113.996
27120.284
27122.008
27122.982
27128.81
27129.674
27131.259
27132.536
27132.869
27133.282
27134.725
27134.766
27137.309
27137.581
27139.033
27140.581
27143.342
27146.263
27148.438
27150.984
27151.447
27157.447
27158.083
27161.743
27164.018
27167.061
27168.57
27169.473
27178.858
27179.867
27181.147
27181.722
27182.96
27185.429
27192.687
27194.683
27195.414
27197.113
27197.434
27199.281
27205.887
27211.065
27219.48
27221.588
27224.321
27227.34
27227.364
27235.163
27236.442
27241.871
27247.297
27248.407
27254.337
27257.412
27258.589
27259.331
27259.353
27259.669
27260.781
27263.674
27264.177
27266.641
27271.651
27272.167
27272.698
27275.979
27276.175
27277.141
27277.28
27280.866
27292.856
27293.774
27295.138
27296.118
27296.436
27298.356
27298.515
27299.407
27303.112
27313.082
27314.164
27319.318
27321.666
27323.252
27331.069
27336.046
27336.685
27337.858
27339.442
27341.095
27349.219
27351.33
27351.974
27353.552
27355.177
27358.013
27360.535
27367.221
27367.233
27370.833
27372.966
27376.662
27387.315
27389.013
27389.527
27398.733
27400.536
27403.754
27409.635
27410.793
27413.159
27414.683
27416.751
27417.233
27417.552
27419.786
27421.351
27421.927
27424.636
27426.266
27431.336
27432.452
27435.32
27435.423
27436.529
27438.164
27440.742
27440.839
27443.863
27444.964
27447.232
27447.546
27448.048
27448.739
27450.408
27450.572
27455.243
27456.089
27461.031
27464.03
27464.531
27476.367
27481.544
27486.437
27486.896
27488.387
27488.687
27502.983
27506.32
27510.316
27511.294
27511.635
27512.027
27513.406
27515.093
27518.475
27519.869
27523.461
27525.593
27527.129
27527.149
27530.418
27532.616
27532.774
27537.198
27539.589
27540.547
27553.126
27563.862
27565.326
27567.299
27568.958
27580.363
27584.928
27590.644
27591.767
27602.035
27606.891
27610.477
27610.809
27611.675
27616.574
27621.031
27622.74
27634.902
27636.812
27638.07
27638.705
27643.224
27643.553
27647.866
27649.261
27653.519
27656.378
27657.88
27670.737
27672.385
27674.285
27674.825
27684.823
27695.043
27710.054
27711.815
27712.805
27713.5
27717.156
27718.753
27728.56
27728.595
27728.946
27731.753
27734.207
27734.806
27743.3
27743.486
27747.113
27747.755
27749.45
27749.595
27750.55
27752.692
27754.946
27757.532
27762.643
27763.483
27763.923
27764.092
27764.895
27772.66
27774.826
27777.148
27779.941
27780.218
27780.77
27783.901
27785.993
27787.105
27790.421
27797.951
27806.565
27808.469
27808.806
27812.601
27819.936
27822.652
27827.102
27827.489
27832.172
27832.726
27833.593
27843.01
27848.825
27852.286
27852.373
27856.171
27856.506
27858.472
27861.382
27865.612
27867.355
27870.214
27872.199
27873.051
27875.381
27875.522
27877.23
27878.3
27879.081
27882.441
27883.055
27883.225
27884.448
27885.249
27888.802
27891.177
27901.922
27905.721
27910.883
27914.242
27918.769
27919.255
27930.291
27941.714
27945.424
27946.059
27947.171
27950.456
27950.462
27953.531
27955.964
27958.649
27959.293
27960.053
27963.18
27963.999
27965.615
27973.628
27976.203
27987.233
27994.391
27997.123
28000.416
28010.588
28017.771
28018.669
28031.586
28039.078
28040.312
28043.542
28043.802
28048.566
28048.863
28050.263
28050.607
28051.735
28054.728
28061.077
28061.99
28074.487
28074.596
28074.758
28075.366
28078.213
28078.759
28079.595
28080.151
28081.35
28081.653
28081.781
28085.29
28086.385
28088.263
28092.042
28093.398
28100.928
28102.128
28105.519
28106.454
28109.229
28112.367
28112.853
28114.909
28115.383
28116.957
28117.128
28126.702
28136.677
28140.836
28140.859
28157.102
28158.144
28161.241
28164.285
28164.365
28172.194
28173.625
28176.495
28180.022
28202.014
28204.857
28211.405
28218.77
28218.927
28219.141
28219.366
28219.485
28221.46
28221.511
28224.372
28226.863
28227.457
28229.644
28230.058
28244.282
28247.429
28250.13
28250.794
28251.15
28252.778
28253.456
28255.583
28256.752
28260.345
28264.44
28264.739
28267.979
28276.209
28279.871
28280.06
28280.112
28281.346
28292.231
28294.204
28295.865
28296.541
28296.691
28297.096
28303.555
28309.599
28309.747
28310.415
28311.568
28312.281
28321.084
28322.477
28325.409
28330.595
28338.33
28341.177
28343.706
28344.841
28347.016
28348.4
28350.08
28352.214
28355.076
28355.224
28355.266
28357.233
28358.421
28360.803
28364.672
28366.896
28367.339
28374.767
28378.153
28390.571
28392.283
28392.463
28392.54
28393.758
28394.635
28399.65
28401.194
28401.852
28410.026
28415.551
28419.641
28420.81
28425.314
28426.25
28433.827
28434.138
28434.265
28436.1
28442.039
28442.181
28444.348
28445.37
28447.511
28451.716
28452.377
28454.81
28455.717
28456.043
28456.538
28461.408
28464.419
28469.495
28471.305
28471.677
28482.268
28483.962
28488.592
28489.044
28496.489
28499.803
28500.076
28505.201
28506.106
28506.205
28509.349
28510.145
28513.667
28516.951
28543.11
28554.335
28555.328
28555.56
28556.738
28560.653
28566.176
28579.28
28580.564
28584.868
28589.763
28591.068
28594.106
28597.105
28599.041
28599.778
28604.957
28606.383
28610.786
28620.171
28621.048
28621.563
28621.725
28622.783
28633.684
28634.37
28638.656
28639.753
28645.536
28653.384
28658.439
28663.46
28663.74
28667.438
28668.784
28672.274
28678.919
28682.246
28682.563
28688.468
28689.118
28691.657
28695.885
28696.254
28698.147
28703.482
28713.444
28716.221
28718.432
28720.113
28728.687
28730.369
28731.129
28749.634
28758.067
28763.72
28767.823
28781.764
28786.15
28791.876
28794.655
28798.556
28800.094
28802.725
28806.404
28809.691
28810.983
28818.555
28821.001
28825.729
28833.087
28837.616
28843.921
28849.831
28851.478
28856.824
28858.833
28860.604
28861.433
28861.839
28866.916
28867.229
28870.094
28870.628
28870.722
28872.64
28875.299
28883.75
28888.09
28890.734
28892.649
28899.939
28909.655
28910.101
28921.593
28922.349
28925.047
28929.133
28935.748
28946.739
28949.79
28949.993
28952.69
28959.907
28961.651
28970.993
28973.965
28976.888
28977.021
28978.611
28979.878
28981.043
28981.776
28982.469
28986.917
28988.69
28995.336
29001.975
29004.044
29006.836
29007.593
29013.723
29018.365
29021.817
29022.219
29042.15
29045.668
29047.068
29048.009
29048.465
29061.524
29064.656
29068.69
29068.892
29075.879
29076.096
29090.325
29091.509
29092.173
29119.105
29133.297
29138.054
29141.476
29146.176
29158.07
29160.651
29160.937
29170.483
29173.095
29175.523
29177.014
29179.313
29184.446
29184.607
29187.485
29187.493
29188.669
29192.242
29200.413
29200.52
29216.058
29223.568
29224.864
29226.891
29235.992
29236.949
29237.802
29242.379
29243.729
29244.468
29245.593
29247.136
29248.263
29255.518
29256.712
29265.546
29271.566
29283.327
29287.422
29311.486
29312.461
29314.738
29327.856
29330.351
29331.799
29332.711
29341.115
29348.872
29348.949
29357.91
29358.424
29360.829
29363.162
29364.447
29364.723
29368.626
29369.199
29369.704
29374.349
29376.242
29380.311
29383.575
29386.035
29386.815
29387.126
29387.194
29389.936
29398.919
29407.022
29409.443
29411.239
29414.009
29416.423
29420.598
29441.095
29442.509
29446.743
29449.75
29457.069
29459.179
29464.424
29471.029
29479.796
29486.313
29491.678
29491.982
29495.753
29497.085
29497.238
29503.467
29504.777
29519.38
29521.167
29531.897
29534.078
29539.807
29539.945
29543.58
29554.307
29564.231
29565.658
29571.567
29575.498
29576.419
29577.322
29578.478
29591.951
29602.681
29603.063
29603.866
29605.581
29611.288
29618.802
29620.673
29621.108
29622.323
29630.865
29637.536
29640.228
29646.399
29649.883
29658.6
29664.482
29669.362
29680.489
29684.202
29686.191
29691.959
29693.877
29694.576
29702.203
29707.195
29713.702
29720.015
29723.854
29724.308
29725.616
29726.758
29730.798
29732.448
29734.613
29743.547
29743.873
29757.067
29759.506
29769.41
29778.184
29783.657
29789.733
29796.663
29797.283
29806.64
29809.049
29823.754
29826.648
29828.886
29833.581
29845.163
29845.9
29847.661
29848.495
29849.148
29849.151
29851.148
29859.437
29861.229
29873.075
29873.39
29876.354
29880.005
29880.126
29880.264
29881.24
29882.305
29883.494
29888.064
29891.074
29891.869
29892.717
29898.047
29902.606
29904.262
29915.735
29916.406
29916.544
29916.787
29917.884
29939.882
29949.272
29954.378
29954.847
29956.37
29960.97
29962.736
29965.669
29967.025
29967.515
29967.607
29968.336
29968.366
29973.167
29979.464
29980.963
29990.198
29990.982
29998.925
30001.723
30004.359
30008.99
30012.074
30013.511
30020.558
30034.369
30039.424
30042.91
30046.235
30048.143
30049.165
30053.57
30053.979
30057.109
30057.141
30058.465
30069.229
30069.588
30074.088
30081.168
30089.735
30090.687
30106.5
30107.784
30120
30125.823
30126.362
30127.777
30129.71
30135.864
30150.624
30157.882
30163.869
30175.38
30185.266
30187.677
30189.247
30195.264
30196.869
30199.306
30204.001
30206.97
30208.58
30215.354
30223.099
30224.279
30235.841
30236.442
30237.915
30240.852
30270.554
30272.188
30273.596
30274.487
30276.048
30276.078
30287.836
30288.567
30291.946
30292.993
30307.47
30308.499
30309.673
30315.871
30324.302
30327.442
30334.955
30338.164
30340.417
30348.995
30361.232
30363.599
30366.778
30367.706
30368.845
30368.89
30369.97
30388.86
30401.492
30407.635
30409.932
30411.331
30423.478
30425.545
30426.06
30438.362
30443.561
30446.711
30451.521
30452.988
30454.63
30462.737
30464.103
30467.468
30473.452
30489.931
30491.562
30492.585
30496.486
30497.721
30506.319
30506.611
30518.776
30519.872
30523.813
30530.469
30534.667
30537.078
30542.369
30544.107
30552.845
30554.589
30556.447
30565.584
30566.285
30576.808
30582.03
30589.984
30591.36
30597.267
30601.316
30604.051
30613.978
30620.708
30621.896
30623.168
30639.553
30639.776
30642.377
30645.874
30646.886
30649.072
30649.818
30653.913
30654.433
30657.658
30661.509
30662.048
30668.542
30671.174
30672.924
30674.895
30675.071
30682.155
30691.682
30701.51
30702.474
30708.034
30713.101
30723.984
30725.414
30727.196
30727.639
30742.162
30744.367
30747.743
30754.081
30754.474
30755.081
30758.585
30774.002
30775.855
30779.558
30780.051
30783.06
30789.604
30797.473
30810.095
30817.322
30817.336
30831.885
30835.356
30839.764
30840.15
30840.921
30848.676
30848.911
30852.972
30875.707
30888.077
30899.663
30905.522
30907.614
30933.697
30943.763
30944.818
30945.94
30954.089
30955.834
30966.951
30975.619
30982.766
30986.681
30987.847
30991.424
31007.498
31014.183
31017.269
31020.812
31039.847
31040.386
31048.577
31057.056
31063.019
31067.73
31070.257
31081.033
31083.176
31083.723
31090.834
31115.821
31129.441
31132.429
31136.075
31144.329
31150.537
31153.273
31162.286
31163.203
31169.866
31191.318
31194.226
31198.216
31202.213
31203.307
31209.486
31216.29
31220.596
31238.182
31244.168
31245.706
31248.429
31248.532
31253.787
31257.132
31257.555
31260.535
31269.362
31273.572
31276.478
31277.682
31289.076
31289.983
31298.879
31306.884
31314.097
31332.934
31333.991
31339.494
31346.28
31372.344
31384.532
31391.577
31397.993
31403.019
31407.161
31411.344
31433.843
31440.306
31442.351
31444.002
31449.043
31458.702
31460.921
31476.564
31477.092
31486.032
31522.138
31522.536
31539.504
31540.164
31549.36
31549.493
31550.78
31550.906
31554.599
31555.288
31556.851
31557.094
31565.808
31570.466
31572.089
31579.065
31594.027
31598.543
31609.037
31615.647
31616.003
31618.457
31621.629
31624.406
31632.3
31633.389
31637.073
31657.123
31662.463
31682.678
31684.024
31686.584
31688.316
31692.026
31699.431
31705.096
31707.637
31715.532
31720.655
31727.769
31755.164
31755.822
31763.51
31768.895
31781.567
31782.077
31802.434
31818.71
31839.749
31854.4
31855.059
31860.651
31861.342
31887.926
31900.043
31907.814
31911.136
31913.809
31924.056
31924.217
31927.482
31950.228
31957.925
31966.456
31970.682
31971.02
31973.141
31986.211
31992.083
31995.141
32002.625
32024.079
32034.364
32056.574
32091.809
32102.041
32114.554
32116.194
32116.455
32122.552
32130.964
32133.506
32144.623
32146.163
32157.389
32159.52
32160.338
32167.718
32169.092
32172.635
32175.153
32188.178
32191.122
32204.667
32207.587
32213.361
32214.702
32237.609
32239.702
32243.523
32244.018
32249.663
32260.064
32267.319
32276.652
32308.705
32330.545
32334.466
32336.714
32344.987
32350.135
32352.172
32360.174
32362.341
32369.355
32381.664
32394.906
32397.947
32419.636
32425.301
32428.708
32428.816
32438.928
32444.11
32455.72
32486.023
32525.92
32540.089
32549.147
32554.633
32564.662
32570.917
32572.423
32583.955
32584.552
32600.636
32615.685
32617.268
32625.028
32637.518
32642.744
32645.15
32647.765
32648.872
32649.103
32659.128
32661.113
32674.652
32675.25
32697.889
32699.821
32700.614
32703.496
32707.408
32711.725
32718.426
32729.954
32786.598
32805.441
32810.588
32820.067
32854.128
32860.318
32882.158
32883.788
32899.542
32906.642
32925.823
32928.977
32960.461
32971.003
32977.786
32979.485
32979.801
32995.162
33000.005
33002.85
33016.542
33023.475
33027.442
33036.7
33042.405
33042.482
33055.989
33074.17
33074.596
33082.509
33087.055
33104.544
33124.077
33127.498
33129.275
33133.228
33141.171
33142.012
33146.332
33155.637
33158.584
33174.072
33180.797
33186.324
33189.926
33191.733
33202.057
33210.788
33233.287
33271.202
33280.985
33282.046
33290.516
33310.623
33322.51
33391.445
33396.881
33405.17
33406.22
33410.149
33427.701
33434.299
33468.794
33481.263
33495.101
33496.525
33497.339
33504.706
33507.572
33512.614
33620.164
33692.151
33718.771
33725.57
33734.867
33760.379
33776.116
33784.03
33853.205
33857.156
33858.376
33884.267
33917.376
33920.692
33986.033
34006.201
34011.465
34011.721
34017.178
34039.012
34066.626
34076.857
34106.888
34110.125
34126.802
34177.016
34177.989
34182.584
34206.492
34220.098
34300.834
34314.347
34317.147
34334.142
34354.085
34367.017
34370.567
34385.552
34409.039
34428.224
34429.637
34440.235
34452.13
34458.88
34460.693
34471.66
34498.026
34514.912
34527.531
34550.461
34556.125
34556.967
34560.321
34575.998
34610.072
34679.592
34698.204
34699.284
34728.335
34746.357
34749.83
34773.345
34776.675
34799.216
34819.499
34832.454
34845.149
34873.925
34886.994
34909.893
34924.217
34933.264
34989.062
34999.742
35033.356
35099.188
35106.858
35113.96
35152.564
35212.232
35239.825
35269.885
35301.194
35317.473
35336.891
35359.552
35360.69
35364.572
35379.554
35398.28
35409.433
35434.754
35461.278
35487.554
35498.409
35520.945
35527.477
35563.227
35594.342
35653.123
35726.776
35736.35
35771.805
35795.276
35805.551
35832.947
35842.008
35844.984
35875.557
35897.482
35919.854
35934.62
35999.45
36001.319
36041.151
36044.682
36061.742
36069.655
36166.409
36172.327
36204.603
36260.87
36268.465
36272.637
36296.917
36297.329
36299.168
36304.253
36339.207
36383.174
36388.778
36426.673
36470.231
36501.351
36520.697
36538.554
36611.402
36742.237
36854.392
36865.873
36872.873
36947.864
37003.555
37008.104
37058.723
37061.37
37085.723
37088.299
37181.325
37191.314
37274.548
37445.113
37507.53
37586.368
37603.3
37628.084
37668.198
37800.605
37889.568
37915.641
38016.288
38017.245
38047.343
38092.004
38347.94
38420.093
38499.506
38535.687
38639.935
