// library model for single-phase inverter

New XYcurve.bp1_1phase npts=3
~ xarray=[-0.820 0.0 0.820]
~ yarray=[-0.788 0.0 0.788]

New XYcurve.bp2_1phase npts=5
~ xarray=[-0.4 -0.225 0.0  0.225 0.4]
~ yarray=[ 2.5  1.0   0.0 -1.0  -2.5]

New XYcurve.z_1phase npts=51
~ xarray=[ 1.0000000000000 2.2359152843239 1.6751565366704 -1.2893178605388 -3.4980502585637 -3.2443310587837 -1.1309602219179 1.3269732197636 2.4826834307583 1.4795252902708  -0.5884400677158 -1.2561011006753 -0.8964007493426 -0.2502448288646 0.1965696305611 0.3541448415191 -0.2571272710122 -0.2896061130545 1.0381554433511 1.7902915763337  0.6996933333927 -0.9684861791958 -1.4454321523992 -0.5432488991394 1.1818507841993 2.0988090314141 1.0282299403587 -0.5858290175152 -1.5724867767607 -1.4364098494357  -0.4589795471098 1.0797066033630 1.2169198126213 0.0989602314997 -0.5405493831806 0.0719007537281 0.8335799892472 0.6702151256323 -0.3752279208451 -2.0558001553503  -2.4079823319574 -0.7183817553617 1.4783061268845 1.8364227325943 0.8536174817937 -0.2214277108881 -0.8122729458514 -0.6287067458017 0.0932869797062 0.4451827855865  0.2061659162831 ] // denominator
~ yarray=[ 0.0000000000000 0.3244315432891 0.3171628091832 -0.2108501016545 -0.9762351880777 -0.7399698479841 -0.0201950653926 0.7829480615341 1.0000000000000 0.5717944958992  -0.2214550588660 -0.7186565790504 -0.4161841874969 -0.1375954370224 0.2162389236219 0.2237111774825 0.1877288446256 -0.1317180644316 0.0414232423271 0.3254504869366  0.1656064075817 -0.3122432515571 -0.5338989690946 -0.2226466108170 0.2190599020462 0.5646897251848 0.2987290891686 -0.2824847857947 -0.4879416418683 -0.4023401442574  0.0120224675079 0.3287890263068 0.5747202855193 0.0774026330753 -0.2599646325554 -0.2699498867569 0.0796571331425 0.1805481938835 -0.0057638157865 -0.2824852607177  -0.5297496233260 -0.0661668775840 0.4919305500678 0.7384140169868 0.2048616585611 -0.1949185400439 -0.4230393984319 -0.3065235657524 -0.0469453167609 0.1601452633341  0.1119255091190 ] // numerator

// library model for microinverter

New XYcurve.bp1_micro npts=3
~ xarray=[-0.882023 0.0 0.882023]
~ yarray=[-0.19     0.0 0.19]

New XYcurve.bp2_micro npts=5
~ xarray=[-0.085467 -0.0202 0.0  0.0202 0.085467]
~ yarray=[ 4.59572   1.0    0.0 -1.0   -4.59572]

New XYcurve.z_micro npts=14
~ xarray=[ 1.0000000000000 -1.3802100241988 -0.9341004900495 1.1196620891546 0.1499829369937 1.2123723040884 -0.7654392492287 -0.9113338678997 0.3694835076144 0.1034830928158  0.1549604084080 -0.2209879303901 0.1373924816843 -0.0352249177928 ] // denominator
~ yarray=[ 0.0000000000000 -0.2328126380366 0.9436331671129 -0.5290906112039 -1.2586072419992 0.6136072759695 0.5705618604200 1.0000000000000 -0.5053547399078 -1.1387058093285  -0.0677012182563 0.5067831545610 0.4003099336092 -0.3026288423351 ] // numerator

